0,35.68885,4.397037,22.27119,29.72021,41.97877,45.71824,24.90827,28.63701,35.85307,36.86432,41.11888,68.94133,68.27217,58.87254,24.75411,32.37217,120.488,119.554,125.0518,125.786,115.579,144.2971,107.7219,112.8757,117.4677,133.0852,98.41419,106.7291,95.46392,113.9783,121.7868,131.7539,129.397,140.0652,128.9688,140.9747,140.4499,125.4024,106.8164,112.3552,105.1318,92.13156,82.28747,68.67581,72.52753,61.2305,60.098,67.77053,80.14193,91.63284,96.92581,92.6462,89.48914,106.9292,98.5688,90.56615,89.27449,82.89816,73.64422,52.21825,65.34215,31.52206,101.8785,78.60307,80.92586,50.22726,51.72772,87.15595,65.25537,71.92594,93.24064,65.17379,71.88148,59.597,57.835,47.52452,60.6184,47.63987,37.6625,81.3552,47.411,30.83999,31.13087,53.11811,36.95718,38.57423,28.46775,36.51683,32.80475,42.2511,101.2452,112.2953,95.05495,72.24131,71.44346,109.0948,139.1692,127.5523,73.08334,64.51793,83.22234,84.55983,78.4566,85.97547,117.6384,19.52434,52.84538,20.34551,40.95792,47.12014,41.80561,60.98534,37.70123,51.40525,55.53178,54.36885,57.92517,78.3139,79.29533,76.70922,30.78604,32.42932,120.9941,123.6172,126.8046,127.156,121.3154,144.6103,114.7329,121.6938,123.1617,137.7316,107.5743,107.5744,118.9071,126.4442,137.7886,139.0568,130.8655,142.9623,142.519,132.0185,112.7131,113.4631,110.2435,103.1792,95.43031,81.25335,82.36753,76.92375,68.45583,79.74629,90.75496,101.7309,104.3069,101.7734,96.00435,111.6816,104.8507,101.043,94.65964,92.17292,81.51212,60.99383,72.30994,39.84894,111.1538,86.09866,95.1665,56.99785,62.03214,97.75961,78.08423,79.91115,101.8275,80.63993,72.74365,73.69823,62.14554,75.75824,63.77059,58.17103,93.6168,63.67482,41.1696,45.69475,62.35662,55.81399,60.0537,45.816,57.5155,48.36854,53.40813,104.645,113.9394,97.87155,82.19734,79.27106,114.5674,145.0617,131.6453,84.19228,80.07451,94.18209,91.82314,92.32179,96.03485,115.1398,119.7424
35.68885,0,33.98517,21.70168,23.86156,46.25836,25.43635,24.09278,17.8624,17.46551,22.26648,8.988684,44.55962,36.62214,26.51202,34.33322,43.47742,112.1751,110.3224,114.7165,117.0368,98.72316,133.4721,84.46159,90.89156,96.9996,114.7075,75.4367,87.33252,77.52029,93.28852,100.7789,113.0456,113.8731,126.7887,120.661,126.4895,129.3619,111.0781,94.45351,103.9603,88.94402,65.9243,54.19685,45.38435,52.21722,42.52228,37.78505,41.93692,59.30445,67.59001,77.70828,73.50889,72.86052,89.72705,80.93677,67.75267,71.33286,62.2591,63.69373,43.41181,50.34519,27.59454,79.25469,50.60315,51.52109,41.98339,35.41456,62.39291,38.55723,41.30901,67.29171,33.4602,52.62471,34.78302,23.11098,17.7583,28.86166,12.13183,11.14359,52.76184,19.85924,30.71596,23.11506,37.72319,12.73664,6.36342,24.85233,12.80908,21.2095,30.66757,94.83561,104.8834,85.87724,51.68791,51.94806,91.12108,124.269,107.9463,49.30763,39.4422,52.86287,57.52647,48.98141,64.07981,109.8518,54.75991,83.43706,54.75867,74.53815,76.40415,54.19778,87.64407,71.7321,85.9356,88.99547,86.76479,89.50657,96.10617,104.4092,103.446,54.22812,49.81681,114.888,118.4641,122.1414,121.5481,124.6595,138.4093,124.5614,128.9919,129.4394,140.1618,119.086,115.6604,126.3459,132.0244,139.5215,136.2448,124.4396,140.7609,137.3201,131.1754,113.9291,110.6337,115.0367,117.651,112.9876,98.38097,96.53663,92.81641,87.44429,99.86883,102.5316,114.6091,112.4778,109.4068,103.3409,115.3838,111.3567,113.3242,103.289,103.9901,88.50877,73.76032,85.96891,63.40899,121.9963,105.3992,114.5611,72.45558,80.66595,113.3078,99.76792,103.2634,118.9713,106.4136,95.51262,102.4634,90.67333,100.547,93.07209,88.10019,113.6993,90.58374,62.41518,71.80181,80.39417,88.56151,90.26595,80.30913,90.55367,72.28972,76.42608,100.5149,109.3895,98.01253,95.99464,92.96021,118.5952,141.993,135.7644,99.93579,98.59272,114.6795,108.4104,113.8134,107.9778,111.3998,113.6814
4.397037,33.98517,0,20.27614,25.7247,42.18396,42.02726,26.47235,28.20867,33.6319,33.66616,39.59355,67.44939,67.34804,57.58719,25.56886,33.66499,119.0948,118.9448,123.5262,124.11,113.2374,142.9904,106.182,111.0632,115.2325,131.0519,97.0153,105.701,94.70044,112.7657,120.0829,130.3066,128.4236,139.1075,127.0851,139.1513,138.4995,123.2528,104.4616,110.1056,102.7292,90.41417,80.81229,67.51199,71.47672,59.88857,59.16772,66.7435,78.18142,89.34969,95.27126,90.82373,86.88064,105.0393,96.28648,88.73352,87.91968,81.56744,70.70923,49.64872,62.39937,29.66619,99.2335,76.81107,78.58672,47.13499,48.52221,84.46594,62.88917,69.43474,90.20457,62.27997,68.457,56.23097,55.50623,44.5744,58.81234,46.06571,37.23117,80.4656,47.25704,27.7621,27.593,50.02304,34.89273,36.27204,29.73976,35.81376,29.84954,38.53596,99.33047,110.4684,92.77483,70.10468,70.20108,107.4537,137.6734,125.6793,71.22733,63.0683,81.36132,81.81869,75.49409,83.38504,116.8245,21.18058,54.26533,21.72228,41.71844,46.62705,42.30316,60.39573,40.47191,53.3634,56.56292,54.71323,59.61611,78.79032,80.941,78.11264,32.25758,34.00955,119.67,123.1419,125.5096,125.6099,120.0026,143.5745,114.6881,121.1885,122.2073,136.6575,107.8765,107.9352,119.0607,126.1732,137.2117,138.672,129.0205,141.7884,140.8442,130.5703,111.0731,111.4963,108.8341,103.2879,95.96447,81.95816,82.85561,76.72149,69.41362,80.70704,90.28054,101.2131,103.9013,101.1995,94.62672,110.7522,103.7564,100.8403,94.56464,92.32459,79.50634,59.65843,71.00284,40.12639,110.1874,86.53134,95.19035,55.48573,60.87359,97.16483,78.28667,80.17106,101.0741,80.70722,71.97717,74.5812,62.35436,76.63468,65.41001,60.38282,94.7946,65.71248,40.26491,45.30191,61.33883,57.24017,60.99847,48.30151,59.6781,48.13742,52.23432,102.8962,112.2327,96.03751,81.7671,79.55601,113.954,144.094,131.0122,84.10733,80.46411,94.7102,91.18939,91.94547,95.05159,114.829,119.019
22.27119,21.70168,20.27614,0,18.76572,53.02112,33.33012,23.68196,12.81185,14.03087,16.93805,23.47588,64.31945,58.12137,48.20121,36.47692,46.2676,125.8328,125.4352,129.1928,130.4585,114.5435,148.6512,104.2164,109.8272,114.5746,131.951,95.20292,106.2659,95.98801,112.5747,119.5845,131.4035,131.4982,143.5328,133.4655,142.4881,143.4962,126.256,108.0874,115.8807,104.2392,86.255,75.2589,65.07381,70.98429,60.01702,57.00963,62.51762,77.21713,86.17077,95.70854,91.15371,87.65248,106.5829,97.09035,86.77794,89.1392,81.07696,74.06505,53.5789,62.90313,34.8011,96.50488,71.21682,71.36167,50.20399,46.90644,80.08302,57.41057,60.80145,84.16946,50.60827,65.24058,48.58813,41.99187,30.2553,50.11223,32.83138,26.98077,74.18177,37.91534,33.31439,26.41115,49.37082,16.51235,22.47185,21.50762,20.23288,28.94308,36.72115,106.3667,117.2232,97.97692,68.98953,70.18925,108.7472,141.0048,125.9615,68.40521,59.39364,73.89505,75.66282,66.51482,81.04675,124.0333,40.43793,74.53442,41.59643,61.09145,65.33728,56.90972,78.96955,59.64926,72.87233,76.15965,73.81227,79.86326,96.44351,100.4648,98.02618,50.44085,49.57809,127.5292,131.7584,134.1091,133.5816,131.9801,151.6948,129.8249,135.2583,135.6214,148.5605,123.6287,122.3449,133.3222,139.6839,149.0989,148.548,136.3431,151.6825,148.9687,140.776,121.82,120.1741,121.2054,120.0168,113.7039,99.42393,99.31597,93.57699,87.29002,99.08301,105.7624,117.1196,118.2189,115.2167,107.8711,123.1096,117.0306,116.7078,109.0487,108.0321,91.71087,74.50003,86.24872,58.92008,125.1231,104.7063,113.289,70.92167,77.59772,113.8058,96.95642,99.23849,117.9943,99.99392,89.95687,94.66661,81.9727,96.18098,85.58494,80.31507,113.2356,85.29744,57.8445,64.27103,78.08431,77.34345,81.15589,67.54094,79.60884,66.89333,69.75637,111.1854,120.451,106.013,97.87992,95.80272,126.6308,153.7279,143.8344,101.0331,98.35028,113.2863,108.0589,110.1829,110.2495,124.0585,127.1291
29.72021,23.86156,25.7247,18.76572,0,49.8052,18.11165,36.55702,28.39554,21.06517,14.56396,28.5452,57.09746,57.23063,46.28418,37.95663,47.20545,113.8456,116.6471,116.9115,117.4135,100.531,136.9718,94.94641,98.96627,101.6469,119.0859,86.69816,98.17269,89.03519,103.8494,108.7483,120.8775,122.2332,133.701,119.6008,129.5449,129.5919,112.3349,93.48611,101.076,90.07766,77.55219,68.7129,59.09444,64.41,52.54671,52.59729,58.15709,66.38401,74.47369,85.17966,80.05141,73.19169,94.44397,83.75391,76.59874,79.81804,72.77476,58.15558,40.23633,47.86048,27.85997,82.88774,63.30596,61.56005,34.99973,31.89149,67.17925,47.2101,51.27957,70.38788,41.02062,49.01205,34.47554,37.24582,23.35003,44.83264,33.55404,33.77116,70.91714,43.34743,21.60185,12.73269,34.56759,22.13771,21.17878,37.48143,31.01438,18.1557,19.86712,92.73049,103.742,83.51963,57.72829,62.59153,97.69064,129.3776,114.037,59.10448,52.91237,66.47384,63.36094,54.69304,67.78931,114.2347,44.67773,74.15605,44.55177,61.29198,60.86349,53.70322,72.50758,64.85721,75.80095,76.11324,71.9793,80.40051,90.79131,99.13637,96.15329,50.68052,50.42055,115.5187,122.7989,121.9476,120.6239,119.3422,140.3807,121.4358,125.1996,124.0545,136.4822,116.5787,115.647,125.6578,130.4298,138.7948,139.3799,122.3897,139.4832,135.3169,127.7005,108.3585,105.8374,108.4465,112.3883,107.7639,94.42599,93.53681,85.74625,83.60675,95.07701,96.49456,107.4464,108.8403,105.3391,95.55539,111.9196,105.3772,108.0585,100.9901,100.821,77.99509,63.96202,75.24255,55.15522,113.7867,98.7504,105.838,60.38573,68.02447,104.1289,90.73442,93.34279,107.912,94.01863,81.56758,91.74069,77.68342,92.41262,85.21156,82.01403,109.6471,85.83101,50.86191,58.89372,68.76912,77.70615,79.20111,72.08534,82.12809,61.23392,61.51481,97.83925,107.0814,92.30853,89.07243,89.43647,116.4593,142.3118,133.2812,93.31168,92.38944,107.5235,98.50267,101.9243,99.25441,115.7365,117.3963
41.97877,46.25836,42.18396,53.02112,49.8052,0,52.79986,42.65459,53.61905,59.77837,60.58005,54.85095,44.52045,56.39018,50.37752,18.52086,13.03823,82.12151,78.37397,87.15337,88.88328,83.99035,105.1155,75.7575,80.56663,86.37166,99.05367,66.68649,70.66925,58.95811,78.70772,87.82351,95.1459,90.21604,100.0072,93.4517,104.5819,104.7794,91.49033,75.20648,80.04762,74.52177,65.43419,59.13072,42.55028,41.85839,33.25158,36.2331,45.31303,51.55602,65.81421,63.37096,60.31303,62.34585,72.85719,67.96886,61.19453,54.48844,50.94071,51.5101,31.99205,46.06367,22.78986,76.58381,56.884,63.46781,37.0642,42.0863,66.04864,49.06517,59.81209,76.00596,62.85821,59.1212,55.59596,59.38802,57.44867,50.28429,52.24334,45.34368,59.73931,47.3981,30.98322,38.91716,40.81705,57.05468,50.01884,51.45943,54.18234,34.55764,43.57081,67.04592,76.8911,63.65697,46.34737,40.57288,73.91406,101.2633,93.34948,48.12567,42.40904,64.18755,66.77765,68.01989,61.85089,76.95033,48.23323,54.1874,45.52996,58.30952,56.91305,11.81485,61.73749,53.82982,65.57615,67.65468,67.2165,60.60924,52.49862,64.00909,65.19047,25.14789,17.59455,82.66291,82.27344,88.69971,90.18193,87.79813,104.8425,80.41656,86.92612,89.86115,102.0785,73.84651,70.55539,81.92382,89.34826,99.35409,98.08136,95.55572,105.1811,106.3897,96.52824,79.99029,80.84014,78.67402,73.53356,68.6239,53.68119,51.2431,51.22559,43.85224,56.3307,60.5525,73.09459,69.78329,67.54559,66.81155,76.05573,72.6504,70.01022,59.20578,59.17192,58.15481,39.96544,51.48356,32.04553,82.77582,62.58019,73.35269,42.46198,49.30774,73.38875,60.22039,64.95115,81.00964,72.1113,64.21919,68.80179,61.63975,61.46994,59.38383,56.19729,69.28976,53.7866,35.42157,45.80741,47.21438,63.27505,60.60229,61.15203,64.5524,41.58272,51.24263,69.85808,78.52946,66.18785,54.55011,48.16255,77.59685,105.9492,94.94979,57.42367,55.66369,72.04174,69.46608,76.89822,69.31111,73.65773,78.92104
45.71824,25.43635,42.02726,33.33012,18.11165,52.79986,0,46.39615,38.39758,28.39658,22.36737,29.45584,45.94457,48.15745,37.55609,45.92374,54.21384,104.651,108.5063,106.6719,107.5143,86.87382,126.5379,81.2984,84.82715,86.96329,105.15,73.84066,86.72243,79.10078,91.3893,94.88923,107.9642,111.2304,123.1593,109.5256,117.1005,118.1754,99.69529,81.67273,90.86916,76.78038,63.46942,55.75968,49.22052,54.94182,44.07775,44.94886,48.56529,53.56156,59.32886,72.68617,67.37624,59.81736,81.69621,70.34385,62.99548,68.77274,61.52151,47.91232,33.69339,35.82354,30.45802,67.04908,49.58217,45.65676,28.32814,20.29126,50.94825,32.94281,35.35005,52.97918,24.68244,33.45659,16.83438,25.67981,14.65093,33.33502,28.89996,36.16821,60.08652,42.37488,25.78591,16.95892,23.55166,26.9261,20.4087,47.7569,36.19423,18.91917,13.24601,84.09351,94.47612,73.47089,45.10586,52.86954,85.14833,117.3703,100.1116,46.41564,42.42818,51.95053,46.50865,37.0592,52.70351,106.2515,60.88836,86.47403,60.16664,76.10321,73.23313,59.1341,82.52882,79.97377,90.82451,90.2914,85.73871,93.22827,95.67429,108.1454,105.8245,61.0777,59.00353,107.2328,116.118,114.1147,112.0811,114.929,131.9887,121.2643,123.2938,121.2269,131.5619,117.6778,115.4552,124.6444,127.9669,134.1731,133.3045,113.0736,132.4517,126.4922,121.1099,102.924,98.28573,104.8938,114.6797,112.0147,99.10121,96.7539,89.38978,89.77467,101.2943,97.51511,108.5535,107.886,104.0689,93.68094,108.3033,103.0286,109.1707,100.8897,102.3701,76.28969,66.67467,77.60415,64.63236,113.3521,103.994,110.5919,64.73589,73.58208,106.5856,97.25714,100.6639,110.985,102.5969,88.76759,102.3453,88.50004,100.85,96.62856,94.20595,115.6415,96.34817,59.35892,69.28962,73.98713,91.26612,91.03417,87.33195,96.04966,70.2764,70.07733,90.23658,99.07852,86.69825,91.38679,92.3995,113.253,135.1743,129.6779,96.65221,97.46059,113.1518,101.6536,107.6952,99.80908,110.0519,110.0947
24.90827,24.09278,26.47235,23.68196,36.55702,42.65459,46.39615,0,16.50474,30.39654,37.29488,27.34089,58.31805,50.15684,42.78411,25.79888,33.74693,120.452,115.5239,124.1758,126.641,113.5671,142.2625,97.95046,105.1836,112.6136,128.8044,88.18889,97.25099,85.69642,104.4729,114.277,124.7182,122.5065,134.7624,130.9908,138.5181,140.8759,124.3461,107.7983,115.6341,103.7699,81.29319,69.17091,57.09472,62.32707,53.33623,47.86885,53.88172,73.8532,84.72351,90.36853,86.86659,88.59105,102.7721,95.74387,82.4456,82.19648,73.88298,77.95922,55.24788,66.48793,33.3082,97.35777,67.14211,71.14185,55.33624,52.84663,81.57578,57.46583,62.38461,88.31825,57.0519,72.45173,57.01466,46.13944,41.32361,47.6343,32.68553,18.61186,64.88742,26.36532,38.84275,36.10627,54.35638,28.66095,29.80076,9.035326,20.15324,34.37496,47.09358,104.4482,114.5795,97.74426,66.89071,62.68837,103.3541,135.0331,121.7415,64.53377,53.29672,70.57457,77.86986,71.39791,81.72484,115.5231,42.53699,71.34556,43.2047,63.94198,70.15869,48.07217,82.58181,55.35576,71.42381,77.47736,77.50264,76.26955,89.78119,92.27992,91.91418,43.1583,38.73268,122.2366,122.0184,128.9983,129.698,129.2433,144.7543,122.4229,129.3662,131.8439,144.2125,115.1111,112.2533,124.033,131.9514,141.7725,138.9076,134.0553,146.5399,145.9697,137.5817,120.2886,119.4706,119.4527,113.6887,106.6308,91.36644,90.99375,89.37781,79.00281,91.26374,101.3006,113.3879,112.0715,109.7627,106.7131,118.286,114.0369,111.0647,101.444,100.3893,93.92052,74.64198,86.83949,56.09289,123.0791,98.96729,109.6638,73.01118,79.43197,111.6316,93.56005,96.48641,117.4847,99.72111,92.1941,92.3406,82.76898,91.2867,80.33072,73.3427,104.3249,76.81239,59.02909,66.02104,78.88407,75.99181,79.69011,64.32599,75.48385,66.58972,73.81526,108.8087,117.7476,105.2299,93.96905,88.26432,120.1948,147.1888,137.563,96.20506,92.4447,107.675,106.5323,109.781,108.6372,113.802,118.5062
28.63701,17.8624,28.20867,12.81185,28.39554,53.61905,38.39758,16.50474,0,15.1075,23.5889,17.07122,61.25526,50.71589,42.06185,37.08914,46.51372,127.0975,124.3745,130.2091,132.3358,115.812,148.9601,101.3914,108.1451,114.5017,131.9213,92.09862,103.1983,92.65091,109.6058,117.8731,129.6741,129.4637,142.154,136.0157,143.0588,145.4178,127.7422,110.663,119.3107,105.8695,83.11447,70.87809,61.35067,67.80118,58.17354,52.92986,57.58684,76.41646,85.30467,94.46055,90.40223,89.72874,106.5456,98.00086,84.99798,87.46014,78.55289,78.69424,57.39303,66.31704,37.63149,96.99618,67.87694,69.2245,55.45185,50.81669,80.20549,56.36472,58.93712,84.89915,49.8537,68.97163,51.12889,38.70911,30.96383,46.00607,26.84784,18.19398,67.75475,28.41566,39.65052,32.92443,53.14538,14.6819,21.0072,11.49991,9.786104,33.17616,43.09337,109.4633,119.8483,101.2136,68.80227,67.79831,107.805,140.5727,125.1323,66.54231,56.04827,69.97279,75.33673,66.26273,81.67527,123.949,47.77605,80.73251,48.94968,69.46667,74.73316,59.24366,88.04158,64.60249,79.39546,84.12485,82.77156,85.87776,100.7707,104.5143,103.1095,54.16019,51.23975,129.2696,131.6069,136.216,136.0518,136.4724,152.7044,133.1389,138.9505,140.1102,152.2563,126.5977,124.123,135.4398,142.2997,151.338,148.9063,139.3482,154.2549,151.9255,144.4172,126.4553,124.468,126.295,124.3229,117.9293,103.0602,102.5454,98.8201,90.87211,103.0651,110.5335,122.3994,121.8502,119.0757,113.509,126.7201,121.8217,121.069,112.0285,111.3773,98.57376,81.07911,93.22821,64.88696,130.9233,109.6409,119.2331,78.52803,85.47266,120.027,103.0596,105.7437,125.0927,107.6744,98.41995,101.4872,90.00274,101.7719,90.96434,84.74495,116.7694,89.08427,65.353,72.39659,85.49501,84.26979,88.2148,73.08306,85.18539,74.1143,78.7271,114.5222,123.5986,110.7276,103.068,99.32679,129.578,155.5158,146.9197,106.0385,103.1011,118.422,114.624,117.6432,116.2928,123.9033,127.3361
35.85307,17.46551,33.6319,14.03087,21.06517,59.77837,28.39658,30.39654,15.1075,0,10.10178,14.62141,60.73843,51.34523,41.64937,45.17723,55.05387,126.8818,126.6593,129.4292,131.1034,111.9044,148.7044,99.92234,105.7514,110.6419,128.824,91.30797,103.8382,94.44564,109.4237,115.8541,128.6327,130.2362,142.9854,134.0583,140.8987,142.995,124.5962,107.1589,116.3033,101.9404,80.91198,69.54568,62.13549,69.061,58.96731,54.98547,58.67288,74.194,81.21989,93.12209,88.55564,85.27289,104.3678,94.50411,82.80417,87.40126,78.52964,74.02162,55.1304,61.43197,39.58705,91.48814,65.42999,64.16186,51.51348,45.26782,74.40866,52.15906,53.01723,77.20696,40.99944,61.08466,42.27865,31.73357,20.26931,43.39926,24.71504,24.74108,68.53387,34.24338,38.46462,29.04124,48.15372,5.358476,15.36112,26.58831,15.70256,30.95797,36.55289,107.8668,118.3311,98.37424,66.17776,68.49136,106.413,139.5358,122.5674,64.58953,55.79152,66.6973,68.91319,58.10605,76.75848,125.6446,54.25832,87.50702,55.20904,74.44591,77.42735,65.64228,90.37037,73.46866,86.71185,89.55938,86.76181,93.12017,106.1993,112.3561,110.2162,61.87107,59.74713,129.335,134.3454,136.3421,135.3321,136.6705,153.4714,137.1324,141.5867,141.3828,153.0427,131.5831,129.3769,140.0337,145.6239,153.6795,151.8196,137.5641,154.6557,150.6292,144.0465,125.7203,122.5928,126.3285,128.6904,123.3784,109.0879,108.1462,102.5901,97.52556,109.5783,113.5051,125.0642,124.9405,121.7171,113.8508,128.2256,122.8904,124.6632,116.1063,116.0698,97.32361,82.35437,94.17884,70.11008,132.2063,114.7963,123.1963,79.40173,86.93491,122.4169,107.5448,110.236,126.8896,111.4437,100.3437,107.1196,94.12001,107.7558,98.37548,93.34604,123.7816,97.65499,68.18021,75.77183,87.35068,90.74805,93.92398,81.45027,93.25338,77.95859,80.1835,113.481,122.5419,109.6106,106.2248,104.448,132.0044,156.5511,149.124,110.0223,108.2467,123.6938,116.9409,120.3921,117.7129,127.2436,129.3287
36.86432,22.26648,33.66616,16.93805,14.56396,60.58005,22.36737,37.29488,23.5889,10.10178,0,21.89876,61.69363,55.83698,45.45992,47.16073,56.97614,124.5156,126.2932,127.0356,128.0934,108.6712,146.7667,99.93777,104.77,108.2674,126.4861,91.73375,104.428,95.55349,109.7248,114.8985,127.8275,130.0367,142.3425,130.4619,138.3585,139.5903,121.3453,103.2815,112.0236,98.54977,81.21419,71.06261,63.75514,70.2953,59.49243,57.27413,61.23161,73.03522,79.59122,92.20954,87.26148,81.62583,102.4025,91.72035,82.16233,87.12204,78.90458,68.95896,51.66822,57.1998,38.81123,88.54307,66.09676,63.53109,46.80677,40.94979,71.84498,51.21702,52.32598,73.81409,39.41451,55.80842,37.98264,33.23145,18.76622,45.31427,29.66263,31.90044,71.87847,41.32213,34.98744,25.02249,44.00687,13.17416,18.19027,34.8634,24.92041,28.61317,30.76374,104.2271,114.8995,94.37203,64.67613,69.1144,105.1778,137.8771,120.8856,64.3595,57.11655,67.6278,66.62554,55.66771,74.01383,124.5703,53.66771,86.16108,54.35444,72.15343,73.50237,65.6724,86.03197,73.98617,85.85397,87.28463,83.55767,92.01669,104.4495,111.7441,108.9737,62.10467,61.02294,126.7732,133.5581,133.5647,132.1202,132.7052,151.398,135.0099,138.79,137.7534,149.5788,130.0083,128.4472,138.6549,143.5467,151.4298,150.7287,133.7514,151.6347,146.9272,140.2866,121.4427,118.1486,122.0838,126.3372,121.5286,107.818,106.8723,99.85141,96.66041,108.3855,110.5381,121.6846,122.4266,118.9635,109.5479,125.1578,119.1574,122.0178,114.3006,114.3307,92.05773,78.3627,89.74334,68.30959,128.0516,112.6321,120.1019,74.92111,82.5046,118.5798,104.7648,107.3136,122.4632,107.8612,95.78914,104.7473,90.86474,105.8321,97.37601,93.29171,122.8505,97.64883,64.85484,72.40334,83.2345,89.1359,91.72907,81.46709,92.77654,74.98226,75.56944,109.8397,118.9385,105.275,103.2252,102.902,129.5385,154.1233,146.4324,107.387,106.2034,121.4392,112.9891,116.3019,113.6041,126.6736,128.1567
41.11888,8.988684,39.59355,23.47588,28.5452,54.85095,29.45584,27.34089,17.07122,14.62141,21.89876,0,49.57047,37.18348,28.10793,42.36023,51.51509,119.5319,117.3272,121.7326,124.2838,104.5098,140.253,88.73695,95.53684,101.9587,120.0477,79.91063,92.49261,83.0552,98.09297,105.5645,118.2756,119.7116,133.0295,127.9129,132.6291,136.1007,117.3224,101.1586,111.2117,94.9793,69.57706,57.24891,50.50295,57.92013,49.21771,43.38369,46.0844,64.96232,71.99579,83.32983,79.25315,78.96811,95.65609,86.83231,72.59045,77.32309,67.73521,70.85312,51.5223,57.08639,36.57687,83.68151,54.00986,54.16821,49.76161,42.18402,66.45432,43.08604,43.5726,70.3637,34.05595,57.64064,38.5074,21.99521,17.74406,31.46856,11.12637,13.43858,54.87745,20.62582,39.1232,30.64225,44.71568,9.413428,9.540183,25.15696,9.06082,29.54771,37.36251,102.5474,112.3958,93.20936,57.66085,58.01294,96.83546,130.3265,113.0523,54.43745,44.44691,54.98468,60.77646,50.84455,69.09863,117.1939,60.5431,90.96425,60.9773,81.03851,83.65513,62.86638,95.48061,77.81591,92.2529,95.72807,93.55519,96.81527,104.9487,112.596,111.6014,62.17827,57.83592,122.5413,126.0308,129.9386,129.2176,133.2023,145.8855,133.4205,137.7911,138.1838,148.6174,127.9252,124.2982,135.0078,140.6705,147.8838,144.0279,131.9338,148.7639,144.9359,139.3384,122.2985,118.5823,123.6731,126.6082,121.8531,107.1722,105.3806,101.7707,96.09153,108.5343,111.5118,123.5895,121.3402,118.2666,112.1187,124.0189,120.1438,122.2927,112.1308,112.8874,97.07484,82.61329,94.78609,71.74819,130.8937,114.2373,123.4425,81.11664,89.26242,122.2546,108.4943,111.8766,127.8253,114.7413,103.8846,110.4458,98.53731,108.9929,100.8062,95.46601,122.3146,98.38018,70.81167,79.79785,89.09379,95.61284,97.93332,86.39805,97.34701,80.6351,84.51504,108.474,117.2439,106.3396,104.9803,101.8545,127.2226,149.8737,144.3533,108.8981,107.4432,123.4821,117.3179,122.5002,116.8962,119.1377,121.2358
68.94133,44.55962,67.44939,64.31945,57.09746,44.52045,45.94457,58.31805,61.25526,60.73843,61.69363,49.57047,0,26.04269,25.17334,50.68606,52.81493,74.48116,70.95499,75.51531,79.68341,59.94273,92.55559,40.23429,47.32771,55.94501,72.64127,30.96814,43.21723,34.94174,48.76239,56.85731,68.87641,70.4414,84.10853,84.49093,85.05194,90.75035,71.95456,59.54022,71.19393,51.82718,23.49673,15.22076,5.377143,11.30773,11.78151,12.11014,9.872432,18.77648,28.32516,34.52335,31.41715,39.76384,48.23042,42.54665,24.55493,28.51262,18.33551,43.92493,33.98147,32.34716,39.76173,42.87746,12.51003,21.81126,39.14426,33.68583,29.88632,15.93426,23.32221,40.2591,35.65503,38.55335,35.81431,37.10404,46.14519,20.73045,39.44166,44.92504,21.36075,39.98359,46.57528,46.74071,32.577,55.91686,45.39493,63.55425,54.81683,41.0298,44.1833,63.10795,70.45396,54.76095,16.12604,11.37019,48.0409,81.53736,64.84252,8.285834,5.274778,20.10772,28.92415,33.06381,29.59693,71.70931,83.29794,97.37504,81.44996,97.24612,93.94531,55.62404,98.79779,95.00124,107.608,108.7294,106.4586,104.1769,89.316,106.5351,107.9709,67.6985,60.29497,78.92454,81.94265,87.03439,86.41262,98.51189,100.3668,103.4949,104.9924,105.271,110.8748,100.5504,93.45511,102.1245,105.3439,108.3634,100.6749,89.66639,106.694,102.2573,100.0925,87.63455,81.54401,92.12419,103.2676,103.0591,90.21748,84.90111,84.90114,84.06566,95.43545,87.67785,99.6112,91.22735,88.19829,85.2439,89.30554,89.88086,97.00309,83.59389,88.06743,75.91638,69.57257,79.76753,73.29479,104.7072,99.09527,107.7051,73.14202,82.33463,102.5289,98.17469,103.5785,110.4818,110.8131,99.3408,110.8359,101.8013,102.6701,103.2638,100.6131,107.1526,98.01009,71.96128,84.12261,80.67438,105.8369,102.8915,103.0253,108.173,80.77758,85.86888,69.81874,77.04276,73.39741,85.00072,81.48624,91.84349,106.4962,107.6246,90.24156,92.38836,108.6651,99.96601,111.4633,94.04538,76.81188,76.7464
68.27217,36.62214,67.34804,58.12137,57.23063,56.39018,48.15745,50.15684,50.71589,51.34523,55.83698,37.18348,26.04269,0,10.98458,54.80013,59.39749,99.62972,93.22934,100.3578,105.1039,83.66869,116.155,58.11772,67.22707,77.44604,94.50483,49.51776,62.28837,54.22964,67.14374,76.61845,89.02095,90.89149,105.4558,110.1188,108.391,115.5422,96.29138,84.91741,97.02449,76.25126,39.77153,25.65483,25.62622,33.44243,33.13724,23.51345,18.29929,43.79698,48.78085,57.88882,55.67942,64.02608,72.18481,66.93374,46.50816,52.37229,41.52825,66.53408,52.31176,52.74649,47.6928,63.1265,26.57864,32.12075,55.15822,46.7477,48.16141,29.51242,28.21829,54.71658,33.57955,54.76272,42.55376,27.15097,40.25015,16.17714,26.65864,33.37211,18.81249,24.50545,55.09322,51.1487,47.42288,46.00302,38.16876,52.43674,41.86322,46.06467,52.37997,89.13493,96.40873,80.55788,40.76612,35.76459,70.90832,103.9866,85.85973,32.60954,22.70478,26.00585,43.21884,39.6115,51.40801,95.35227,85.99418,107.2487,85.20616,104.1411,104.3142,67.9661,112.3725,98.95725,113.7682,117.0968,115.5488,113.5388,107.2263,119.9987,121.4158,75.64368,67.75468,104.2717,104.8547,112.4347,112.0984,123.8988,124.6601,125.9277,128.877,130.0145,136.2361,121.6411,114.4883,124.2051,128.8497,132.6823,123.6973,115.4938,132.0235,127.9637,125.9073,113.2504,107.5113,117.1074,124.2606,122.1097,107.9435,103.7032,104.2985,99.66116,111.8658,109.5126,121.9018,114.2705,111.5225,109.1096,114.0082,114.1935,118.8957,105.4053,108.751,98.51192,88.50132,99.91778,84.95396,128.2998,117.3779,127.2187,90.56699,99.57002,123.9808,115.5097,120.4047,131.7155,126.7643,116.1014,124.108,114.6635,117.7704,114.2714,109.5489,123.9095,108.7424,84.97542,96.27619,98.2211,114.654,114.2058,107.7835,115.6413,94.18717,100.0753,95.76579,103.0227,98.73114,105.6749,100.6119,115.9965,131.2514,132.1009,110.1363,110.4732,126.9841,120.7535,130.355,116.6417,99.40545,100.4425
58.87254,26.51202,57.58719,48.20121,46.28418,50.37752,37.55609,42.78411,42.06185,41.64937,45.45992,28.10793,25.17334,10.98458,0,47.07896,52.82609,99.40389,95.06083,100.631,104.5457,83.43624,117.6893,62.21154,70.17696,78.74925,96.38345,53.37794,66.36523,57.75174,71.55913,79.97494,92.63594,94.50163,108.5742,109.0437,109.7896,115.5062,96.25877,82.92308,94.49755,75.05959,43.1743,29.85889,25.81339,34.03973,29.68343,21.35342,19.8515,42.73388,49.00656,59.26781,56.11311,61.15456,72.88102,66.02488,47.92571,53.54097,43.01789,60.33576,44.4285,46.04097,38.41497,62.67954,28.10332,31.64172,46.3132,37.62474,46.4302,24.19623,24.50702,52.68269,26.40895,48.03969,33.83266,18.63485,30.05322,8.663089,17.18037,25.31619,26.90912,19.14395,44.98907,40.38678,38.7085,36.34311,27.68946,45.16734,33.62384,35.54847,41.9519,86.34202,94.59101,77.27362,37.68673,35.21191,72.72555,106.322,88.42605,31.24692,20.51887,29.05401,41.2723,35.76399,49.29876,96.15691,76.75689,99.33297,75.99707,94.90558,94.8706,61.48228,103.4023,90.92301,105.37,108.2358,106.2797,105.7444,101.6866,114.1393,114.8476,68.04591,60.91967,103.5328,105.7148,111.5063,110.9208,120.4463,125.2663,122.7253,125.7928,126.4561,133.8968,118.3238,112.2283,122.1302,126.796,131.5143,124.3968,114.0038,131.0144,126.7961,123.6558,109.4971,104.1823,112.7867,119.7365,117.194,102.9418,99.15446,98.25406,94.09031,106.4307,104.4426,116.8002,110.6389,107.6737,103.8001,110.9013,109.8418,114.4156,101.8312,104.652,91.76397,81.01874,92.68852,76.88813,123.2145,111.6574,121.1379,82.35657,91.40854,118.0085,108.758,113.3869,125.1931,118.9669,107.8294,116.4473,106.1801,111.0595,107.0603,102.5615,119.1377,102.4199,76.24728,87.43592,90.33201,106.3285,106.0706,99.66402,107.8875,85.8682,91.0539,92.8981,100.7337,94.34552,99.9385,95.78358,113.4616,130.9923,129.9557,104.5045,104.714,121.2861,114.3483,123.1632,110.897,99.83317,100.9497
24.75411,34.33322,25.56886,36.47692,37.95663,18.52086,45.92374,25.79888,37.08914,45.17723,47.16073,42.36023,50.68606,54.80013,47.07896,0,9.926956,99.52514,96.11685,104.1674,105.8153,97.5475,122.5496,87.40188,93.01917,99.01448,113.4426,77.88697,84.3794,72.58146,92.14061,101.2557,110.0767,106.3779,117.039,109.9924,120.5987,121.1071,106.5262,89.37531,95.16233,87.59633,73.81521,64.79561,49.25236,51.52756,41.3653,40.8116,49.5037,61.66052,74.77831,76.45179,72.88163,73.44105,87.00451,80.55385,71.57654,67.87674,62.12116,60.78717,38.34633,52.61764,18.0264,86.16903,62.12445,67.24827,40.26976,42.78825,72.8878,51.7853,60.71011,81.35802,59.41327,62.78079,53.72129,53.05662,48.27181,48.67985,43.14475,33.17247,63.70879,38.49869,25.51958,30.4269,42.92182,43.20229,38.81942,34.41501,39.68743,27.35906,39.38582,82.96981,93.31907,77.94117,54.9431,50.72191,88.23938,117.587,107.3931,55.41738,46.91757,68.08387,71.64312,69.11864,70.46524,94.93741,35.19588,53.05161,33.50927,51.06496,53.42503,22.47043,62.7148,44.9836,59.21861,63.03809,62.69878,59.08869,64.68372,70.6519,70.50116,21.55727,15.52426,100.3305,100.6491,106.4802,107.5134,104.4451,123.0011,96.9923,103.9297,106.4678,119.5137,89.89792,87.70113,99.28639,107.0339,117.5303,116.5971,112.2547,123.1161,123.5753,113.7605,96.17534,96.69926,94.5403,88.12002,81.6048,66.47397,65.74726,63.80955,54.61507,67.08497,75.50487,87.61059,86.54952,84.24239,81.60549,93.36204,88.71501,85.31482,76.0716,74.89979,70.12799,50.06069,62.16202,33.4199,97.45288,74.07882,84.66696,49.51459,55.9771,86.13848,69.26285,72.80925,92.43796,77.4579,69.64643,71.81094,62.78743,68.38728,60.96121,55.80466,80.57228,56.96236,36.90385,45.65587,54.88212,60.09751,60.69746,53.51242,60.90736,44.2624,52.99252,86.32142,95.29933,81.68344,68.23863,62.77146,95.31554,124.1953,112.6512,70.60774,67.38996,83.09593,81.27186,85.71384,83.10761,92.09502,97.16788
32.37217,43.47742,33.66499,46.2676,47.20545,13.03823,54.21384,33.74693,46.51372,55.05387,56.97614,51.51509,52.81493,59.39749,52.82609,9.926956,0,95.02459,90.51423,100.1399,101.8418,96.56995,117.9284,86.83083,92.31142,98.55195,111.7312,77.41481,82.05862,69.98417,90.1827,99.85711,107.4736,102.4067,112.3892,106.3497,117.5705,117.7938,104.4146,87.88143,92.7127,86.94938,75.09907,67.04011,50.7244,51.50313,42.54152,42.90169,51.85108,62.45558,76.34677,75.33354,72.23127,74.03109,85.43174,80.18754,72.05713,66.31483,61.68957,62.01539,40.82155,55.4553,24.41537,87.64822,64.93882,71.19974,44.12401,48.15202,75.74125,56.20691,65.96201,85.07973,66.55178,67.17613,60.39047,60.84391,57.22158,54.32415,51.29846,41.38262,65.88999,45.07285,32.13795,38.74424,47.66987,52.93179,48.0532,42.64866,48.82182,35.32748,46.416,79.7784,89.76241,76.19652,56.62563,50.76646,86.3291,114.083,105.785,57.44113,49.71748,71.52342,75.41964,74.5996,72.40804,89.40451,38.50576,48.93995,36.29552,51.18786,53.15917,15.10945,60.61589,43.70938,57.34113,61.34063,61.82863,54.83817,56.83027,62.80401,63.55488,17.58316,8.453538,95.39833,94.13247,101.2463,102.8785,98.86431,117.2714,88.9877,96.66286,100.088,113.2792,81.41929,79.05885,90.90702,99.3157,110.3924,109.5213,108.2905,117.2616,118.9775,108.4879,91.52057,93.01969,89.33172,80.2356,73.41785,58.05867,57.31057,57.11258,46.2938,58.82611,68.69655,80.85924,79.24422,77.29604,76.62275,87.049,82.86037,77.84644,68.26625,66.79025,67.24667,46.58028,58.16138,29.80966,91.4423,66.48462,77.79556,47.13802,52.86501,79.9478,62.84334,66.69547,86.84388,72.57792,66.11011,66.63383,59.41733,61.61017,55.24429,50.16733,71.8624,49.8291,35.4089,43.80304,51.2286,57.10128,56.71782,51.78064,57.18398,41.00108,51.57268,82.41087,91.13038,77.85636,61.679,54.6951,88.32881,118.0161,105.5672,63.48505,59.81409,75.47273,75.43301,80.29773,77.44208,85.24857,91.19639
120.488,112.1751,119.0948,125.8328,113.8456,82.12151,104.651,120.452,127.0975,126.8818,124.5156,119.5319,74.48116,99.62972,99.40389,99.52514,95.02459,0,25.29364,7.988163,10.12709,36.35665,25.22657,55.04195,48.47853,44.87026,38.5513,57.24497,47.61446,51.45226,48.3305,45.02488,39.67965,34.67457,32.57758,18.31802,29.60773,26.54111,27.2418,31.52133,27.10927,38.50091,67.60656,77.91659,74.52829,66.89443,71.3813,80.49148,81.77695,58.74454,61.71338,44.72231,46.69198,50.23613,34.16611,42.48162,57.54652,47.65281,58.39582,60.83551,73.61958,69.49097,91.61559,58.70035,77.25524,81.48053,79.61646,84.44329,69.25184,81.31036,88.99417,77.08996,101.6647,78.56643,93.72088,108.2192,112.735,94.10427,111.275,113.8164,86.56548,111.0489,94.7144,101.5211,81.22972,123.2583,112.782,128.2127,123.7752,97.48504,95.49089,25.39408,16.16805,35.01923,64.3217,64.6707,35.64805,29.11195,40.38543,69.5238,78.8933,83.3452,77.0611,90.18664,61.61172,17.13297,124.6854,115.899,121.2555,125.9793,116.0069,84.83466,109.8255,128.4108,133.5933,130.1053,127.6124,121.7269,80.92062,107.0999,109.977,101.3524,97.24701,7.617506,26.24385,15.14484,15.16933,42.40679,27.70896,61.26185,53.67766,51.39713,45.25074,66.62015,58.72785,57.46555,51.12765,43.52631,37.44828,22.05686,34.16787,30.29081,33.10914,36.97921,30.43681,46.22315,73.33235,82.67326,80.44474,72.37329,74.9591,86.00402,89.20433,63.04347,67.57161,52.70547,50.71772,53.90856,38.99731,48.74905,65.29316,55.34705,64.60524,62.64264,74.92108,74.13818,97.10117,64.72252,85.72758,87.82585,82.79394,87.43466,76.49651,91.67148,97.59569,84.7489,107.6667,98.98322,115.3952,112.4321,101.6512,115.329,118.4836,93.5365,110.4266,94.76704,103.8198,84.84717,125.5591,116.4823,132.804,129.4045,97.43051,100.1853,24.11288,19.21735,38.41592,69.14435,70.48976,40.69819,33.91142,47.10631,74.37013,82.64524,91.66275,79.22826,96.47055,65.82068,29.96929,18.77682
119.554,110.3224,118.9448,125.4352,116.6471,78.37397,108.5063,115.5239,124.3745,126.6593,126.2932,117.3272,70.95499,93.22934,95.06083,96.11685,90.51423,25.29364,0,27.6543,34.68948,50.54067,32.92661,50.92344,48.93564,53.12231,48.23565,51.8212,37.6344,40.11866,40.30453,45.00594,37.39179,23.30332,24.47184,43.14636,42.75625,47.29346,45.33504,49.53521,49.91946,51.80195,64.63566,73.1247,69.28841,61.02488,68.31542,74.98445,75.71093,59.63149,64.66623,44.24956,48.14352,60.54099,40.44915,51.47762,56.87425,43.95965,53.78256,71.9252,78.00968,76.46402,91.52218,66.78161,74.6825,82.07839,85.39013,89.09448,74.38651,82.07152,89.81681,84.23452,103.6165,87.07731,98.20994,107.6069,113.9834,91.63667,108.6159,109.4646,78.45722,104.9344,97.33844,103.9674,86.02519,122.4869,112.1468,123.5117,120.5128,98.89546,100.1801,43.54826,38.82438,50.9388,65.99456,60.34878,36.8838,34.08365,45.2474,68.33414,75.2478,80.73929,81.15088,93.92375,67.52843,9.539678,124.8096,116.4608,121.5699,128.2783,120.9304,82.3309,116.3136,126.6107,133.7398,132.5703,131.6017,121.8808,81.90876,105.19,109.8738,99.35189,93.4934,28.41424,15.29148,33.83212,38.16303,59.01664,35.31985,64.2371,61.2348,64.17503,59.35561,66.64881,55.08799,56.16374,54.5184,49.19664,32.75306,46.63309,48.46202,51.45135,52.38502,56.09682,52.97633,62.30964,76.82217,83.95483,79.77357,71.56263,79.27815,84.48022,88.4739,69.33706,75.70775,58.1756,57.59673,67.25822,50.14196,61.2177,70.39453,56.77359,65.55795,76.28215,81.88346,83.28803,98.27747,77.05322,88.0775,93.39303,90.13281,94.93227,85.42357,95.69611,101.9445,95.2605,113.5178,107.0262,118.1175,116.843,103.2245,115.0049,116.4192,91.72454,107.7076,98.61248,107.9091,91.78862,126.7833,118.7165,131.6414,128.5922,100.9678,106.9134,43.22129,41.57872,55.54124,74.80796,70.74116,47.59652,43.31073,55.28192,78.5609,84.58906,94.30845,87.9892,104.6032,76.69473,17.9378,13.50618
125.0518,114.7165,123.5262,129.1928,116.9115,87.15337,106.6719,124.1758,130.2091,129.4292,127.0356,121.7326,75.51531,100.3578,100.631,104.1674,100.1399,7.988163,27.6543,0,9.010528,32.11624,20.68922,52.1702,44.55738,39.96327,31.33455,55.69947,46.10442,51.81508,45.38362,39.96528,33.77894,31.13176,28.74807,16.97062,21.68719,20.90985,21.38193,30.5873,27.85391,36.32062,66.19321,77.49705,75.82527,68.37833,73.6169,82.4701,82.91685,59.07846,60.18359,43.65442,46.05269,50.03006,31.58981,41.00255,56.54268,48.10214,58.89564,63.03438,76.86041,71.30874,95.43915,55.96299,77.00507,80.70622,82.68246,86.66696,68.04748,82.09471,88.93515,75.19888,102.0589,79.19257,94.77268,109.1808,114.4145,95.09763,113.065,116.4831,86.5428,113.3105,98.50254,104.7236,83.52134,125.6889,115.0707,131.6824,126.3987,100.647,98.19806,29.35959,19.35507,37.0705,65.30028,66.27838,32.85688,21.93023,34.08896,70.14198,80.18953,82.51304,75.96072,89.5395,60.86503,21.46588,130.1184,122.7715,126.7558,132.144,122.148,90.59229,116.3587,134.6563,140.2303,136.7677,134.0746,128.7368,88.59119,114.7792,117.5826,107.1943,102.8186,14.63145,31.11319,20.39191,18.60508,48.68242,28.51091,69.06022,61.04797,58.20651,50.56299,74.56316,66.51294,65.04324,58.3028,49.27596,41.59275,22.62594,37.47392,30.74739,37.64616,42.89138,34.62589,52.82634,81.26696,90.62586,88.19567,80.1156,82.41804,93.40365,96.93332,70.73916,75.22113,60.62175,58.5748,60.75262,46.55723,56.03403,73.1803,63.28303,72.53072,68.38299,81.14177,80.708,103.32,71.8325,93.52727,95.55226,88.82968,93.86268,83.96452,99.18844,105.1062,91.96896,114.972,105.7833,122.7665,119.3174,109.2224,122.5795,125.556,101.4643,117.6928,100.685,110.0906,91.38597,132.4029,123.4858,139.2929,136.3448,103.8772,106.3382,29.5053,24.3406,44.13044,76.65429,78.13711,48.41407,36.86505,53.67293,82.05303,90.33773,99.5432,86.60516,103.8205,73.05575,35.97034,24.18758
125.786,117.0368,124.11,130.4585,117.4135,88.88328,107.5143,126.641,132.3358,131.1034,128.0934,124.2838,79.68341,105.1039,104.5457,105.8153,101.8418,10.12709,34.68948,9.010528,0,33.89879,24.49925,58.88469,50.7425,44.05633,35.90543,62.07867,53.76493,58.70062,53.2632,46.89347,41.79883,40.12793,36.70431,8.501079,25.01789,17.61883,22.12883,29.29511,22.55831,37.56532,71.5755,82.685,80.31839,73.09072,77.06824,86.55882,87.58802,62.74741,63.9998,49.04184,50.56333,50.97997,36.37529,43.546,61.38205,53.42411,64.03101,61.97501,77.3647,71.8057,96.71188,58.58552,81.50251,84.41865,82.66666,87.43135,70.73605,84.98331,92.09478,77.27109,104.4408,79.51561,96.06827,112.0176,116.2257,98.65652,116.0568,119.4616,92.26968,117.044,98.87232,105.4096,84.26042,127.6339,117.1497,134.1779,128.9966,101.7525,98.48996,26.28792,14.88124,35.25489,68.20929,70.57607,39.21118,28.8192,40.20501,73.96961,84.16737,87.18902,78.76989,92.00195,63.29555,27.00917,129.8935,121.3743,126.4526,130.6473,119.8426,91.41942,113.2173,134.414,139.0126,134.7745,131.7323,127.2934,86.75201,113.4349,115.7331,107.5797,103.9625,12.48284,35.04739,16.10523,11.42933,42.01236,28.48869,66.15483,56.86402,52.40539,44.57112,72.55121,65.89649,63.56403,55.55744,46.40241,43.07235,13.75077,32.61139,23.57534,30.37307,36.01572,27.21445,46.54439,78.12251,88.16269,86.77645,78.92064,79.82112,92.55338,95.4067,67.42897,70.86556,57.50137,55.20233,55.62279,42.18369,50.94202,69.80501,61.61508,70.70906,63.84048,78.70146,77.12339,102.4849,66.06709,90.94419,91.75589,86.20879,90.76834,79.31931,96.27125,101.9727,86.66963,111.3457,101.9295,120.1562,116.6115,106.9595,121.1262,124.7867,99.85039,117.0128,99.21295,108.1305,88.46541,130.7176,121.4013,138.6245,135.2099,102.0611,103.5524,25.04573,18.05027,39.01271,73.65384,76.79692,45.2431,34.28081,49.56864,79.2351,88.11658,96.57629,82.14812,99.31981,68.16908,39.50773,28.15494
