0,5.180305,11.25889,10.0971,17.98522,21.41788,8.720005,17.83308,25.36869,17.04746,24.10334,12.63805,25.91451,33.21767,16.9271,22.68039,31.22382,32.13583,16.3075,26.59508,19.80395,28.68767,27.99955,22.1831,21.91189,18.1817,24.19884,21.50502,23.04923,18.557,24.74243,30.05079,23.08864,28.46059,33.81475,6.742632,11.79942,19.04804,23.53438,35.79374,25.14748,21.22557,25.90867,24.94798,36.46073,17.87321,35.32724,29.21053,31.45802,27.92305,33.29827,37.01406,34.51303,48.79231,37.95948,11.67892,12.75892,16.45593,48.58314,49.07111,44.55116,51.04647,55.20077,47.60787,31.53213,20.16082,15.12118,22.08693,28.13417,17.98696,16.80478,23.37727,20.94091,16.71499,23.49193,23.88805,34.22112,42.10429,53.9873,43.71124,39.98845,54.27208,39.50369,57.38695,50.03177,37.83538,60.29335,47.45505,20.50592,24.37157,26.14675,26.40025,35.32214,34.09089,36.74557,40.7237,32.0998,34.50151,27.59525,37.30442,45.97983,45.7751,28.73311,27.10505,42.83779,28.42968,35.81477,46.80609,28.13816,45.40261,31.19648,33.13103,44.86977,47.70637,41.70659,34.77738,51.73477,52.5047,49.81975,42.52299,45.05957,41.35953,52.55057,53.8199,46.24335,44.483,49.61394,55.92783,48.81557,55.50176,44.01973,50.17692,49.38796,55.96306,50.83715,47.58379,53.96296,53.42105,54.8609,46.36108,48.17807,43.07766,45.6609,52.01973,48.31939,51.47221,56.37768,42.48967,45.3045,51.67512,53.15778,39.12564,59.81229,44.52757,32.18081,50.57902,51.11773,49.07951,60.58844,63.78488,63.62349,62.74004,63.54063,61.19035,58.10685,63.82264,51.43232,50.74459,49.57785,52.62763,52.45819,50.63664,52.00503,45.47749,52.01954,45.69486,49.85869,55.69614,58.2082,58.9238,48.52501,62.72455,50.92045,57.72593,65.27625,45.26342,30.80521,29.66074,30.33918,11.94618,34.84734,17.35762,35.08134,21.84374,38.51756,33.14863,40.35173,26.49912,41.55829,24.93082,37.05234,21.46724,30.25055
5.180305,0,16.10963,12.98835,22.06202,26.29009,7.427931,22.24298,29.58025,19.35484,27.08769,12.35686,30.36346,37.02126,18.48004,26.2648,34.36546,36.03619,16.60392,28.82731,22.02773,32.17473,29.76117,18.6997,19.93066,15.27784,20.27612,19.10839,22.88903,17.4443,21.65132,26.8585,21.02245,26.407,30.77057,9.620936,15.95049,22.33217,26.1124,32.02569,24.18977,23.13726,21.5359,20.26926,31.47461,13.80689,30.43216,24.6566,26.88266,23.96686,29.31431,32.00409,29.51969,43.78396,32.99418,8.855324,8.573052,18.92839,43.58475,44.25684,39.93686,46.14174,50.14068,42.90748,26.57142,18.6077,16.13728,19.20189,24.18349,18.14596,14.71321,20.91131,20.55275,17.56018,24.61135,25.56724,29.38589,37.23008,48.86478,38.58127,35.36626,49.21657,34.90552,52.20675,44.86013,33.61521,55.14005,42.42603,20.859,25.41046,26.17689,25.05485,34.10131,32.34169,36.69271,41.8523,31.93009,36.01924,26.13061,39.76157,46.22896,47.23752,30.62394,27.61328,45.34768,27.63392,38.66116,46.9557,27.47089,47.07016,32.77453,33.37147,47.21177,48.54959,43.94647,35.38116,48.39846,50.15383,47.09803,39.83427,41.79291,38.74758,50.34931,52.17015,43.29086,42.34955,46.63141,52.69163,46.34567,52.75579,43.49399,49.68035,48.82233,52.29549,49.79702,46.21868,52.48963,51.49262,52.52712,42.77601,44.34064,40.04585,42.18291,47.71416,44.48061,47.93709,52.6765,37.83314,40.87717,46.77533,48.36374,34.32758,54.77553,42.83795,29.5716,48.9059,50.04763,44.78847,55.76177,59.1419,58.67042,58.31334,58.8969,56.92908,54.13857,58.90223,46.52602,49.57545,49.42525,50.0057,48.71028,47.67523,49.92807,43.08638,50.59083,43.9708,45.64308,51.16786,53.9708,54.89037,43.48357,57.59343,45.84259,52.60835,60.19546,40.39175,30.6949,28.51525,29.98318,6.920322,32.27451,12.60768,31.90191,16.78032,34.86493,28.13688,35.79971,21.44157,37.55745,19.86918,33.06975,17.55452,27.02102
11.25889,16.10963,0,8.390316,9.157593,10.2389,15.84702,7.934074,16.29198,13.74108,17.9714,16.32863,14.93302,24.45019,14.91726,13.95492,23.64496,22.05342,17.1004,21.03051,14.88712,19.34884,22.85636,30.26727,27.25278,24.3254,31.78815,26.10721,24.28574,21.51033,31.17872,37.07458,27.49707,32.99822,39.83213,12.00007,7.808117,13.18025,17.30471,42.85187,27.29303,18.07091,36.25704,34.82091,46.70144,26.69975,44.93862,38.01009,40.94619,36.42329,41.40937,48.0408,45.60031,59.87319,48.75198,22.14615,23.68424,15.48827,59.50065,59.52747,53.9774,60.95224,65.28153,56.67615,42.0504,27.56941,19.03784,30.59172,37.68503,21.1029,23.77098,30.39281,23.89586,17.31374,21.69572,19.66331,45.00899,52.85208,64.8025,54.37208,50.31306,64.84056,49.29122,67.75716,60.27074,46.50516,70.68854,56.77785,20.11272,21.32589,25.28067,28.20478,39.48778,39.02791,38.0908,39.13099,33.44422,32.02566,32.05189,32.48377,45.8327,43.03121,25.23943,26.88856,37.52047,30.84556,29.27538,46.19376,29.82383,41.42804,27.34261,32.55684,38.96752,45.2219,35.44259,32.51075,58.66909,57.27664,55.09362,47.81198,51.0616,46.06389,56.56243,56.71044,51.45349,48.07437,55.11887,62.04203,53.06859,60.45412,46.06643,51.2237,49.93718,62.42663,52.62139,49.84104,56.04832,56.34792,58.70641,54.2694,55.99356,49.44917,52.42904,60.45173,55.59595,58.43225,63.39235,52.7097,55.03975,62.48087,63.49063,49.63075,70.56512,49.30336,39.38182,54.8256,53.71806,57.96838,70.80504,73.35004,73.55824,71.474,72.43255,69.13813,65.24107,73.00907,60.36554,52.26534,48.81364,58.86331,60.78112,57.21292,56.52301,50.70708,54.88582,49.20267,59.00488,65.29215,66.9806,66.79335,59.06852,73.16635,60.95924,67.6685,75.12043,54.21831,30.44539,31.16931,30.04045,22.13028,40.9359,28.43754,42.96154,32.87657,46.84232,42.60589,49.02529,36.31456,49.49901,34.72063,45.06467,28.88937,36.51054
10.0971,12.98835,8.390316,0,9.860172,16.21501,9.318792,13.96823,17.84279,7.704938,15.02787,8.22073,19.56481,24.6803,7.558397,16.90049,21.75551,23.31078,8.849424,16.58271,9.84209,20.90741,18.10807,27.74928,25.62254,19.60249,27.18342,21.06886,23.6104,17.79931,27.86276,34.78234,24.28498,31.08771,36.98933,14.28303,13.43362,17.25384,18.1926,38.88897,25.27956,19.53276,33.6799,31.07542,42.22156,23.10894,40.11033,33.31565,37.18511,33.40321,38.04359,43.08963,41.31204,54.99959,43.26143,21.25171,19.83643,19.45247,55.18879,55.78529,50.12421,56.45226,60.1967,52.07087,37.93415,28.46912,21.83766,29.84562,35.64398,22.25241,22.71755,29.51658,24.10195,17.28533,22.13878,18.71579,41.39659,49.04809,59.31962,48.67129,47.1224,60.1727,45.80674,61.89539,54.2339,43.13574,65.26983,50.16445,12.27851,15.09509,17.84509,20.25681,33.19764,32.22886,32.19497,34.45185,26.86865,27.39558,24.93396,29.59445,40.11147,38.83277,20.49441,20.21231,34.87228,23.38758,26.863,39.98839,22.08974,37.13555,21.97519,25.73906,35.76,39.69275,31.90814,25.96645,51.14737,49.74115,47.24923,39.89138,42.91052,37.8756,48.76781,49.1925,43.22846,39.98186,47.05521,54.09218,44.95863,52.45402,40.00188,44.72896,42.98176,54.22004,45.48578,42.28767,48.40478,48.41144,50.67078,47.1842,48.44545,41.83255,44.5207,52.87003,47.65261,50.63322,55.45305,46.59899,48.60542,56.91262,57.29409,43.79188,64.78327,42.94638,33.11874,48.19954,47.09344,50.79285,64.38455,66.38648,66.75036,63.99504,64.91745,61.26412,57.13805,65.73336,53.21804,44.76446,42.06133,52.06423,53.87973,50.02176,49.30075,43.30403,47.7208,41.72874,52.19847,58.52134,59.76053,59.0737,53.04793,66.99956,54.40634,61.10715,68.34953,47.0471,22.97102,23.03418,22.41298,17.16139,33.64823,24.23454,36.43298,28.46368,40.00905,36.14209,41.53863,30.83977,41.84088,28.72837,37.474,21.44129,28.3817
17.98522,22.06202,9.157593,9.860172,0,8.825386,18.61536,11.82302,8.358177,8.781588,9.37835,16.53296,12.62898,15.71548,11.37171,14.65773,14.50623,14.8386,15.37035,13.21784,10.02703,16.08703,16.49244,36.84959,33.6764,28.68299,36.54405,29.46476,29.66995,25.50798,36.63729,43.49299,32.29498,38.77069,45.39661,20.66759,16.44578,18.58475,18.66609,47.85091,31.94708,22.8367,43.10515,40.79004,52.07108,32.63822,49.91406,42.96795,46.86059,42.72161,47.30918,52.53444,50.92612,64.49698,52.51627,29.6275,28.61218,23.54152,64.94917,65.56856,59.79786,66.26999,70.02806,61.71341,47.73671,36.08327,27.84581,38.4152,44.87795,28.75561,31.0999,37.84025,30.77922,23.30876,26.26321,21.03651,51.08666,58.79971,68.88078,58.1969,56.78242,70.02359,55.48689,71.55046,63.84574,52.55311,75.05681,59.58151,16.55263,16.67926,20.93618,25.92361,36.52164,36.55311,33.04342,32.24435,28.47052,24.78165,29.59604,24.26749,39.38034,35.40289,17.6106,21.29331,29.00046,26.83215,20.25463,39.28773,25.43928,33.00725,19.45334,26.26063,29.94609,37.32324,26.52899,25.49831,57.0956,53.81674,52.12867,45.12301,49.03632,43.10054,52.52779,51.81105,48.75112,44.117,52.42882,59.67427,49.43945,57.12348,41.1627,45.25607,43.625,60.63851,47.04502,44.69528,50.65425,51.60567,54.58212,53.81169,55.40313,47.62041,50.9534,60.55362,54.61716,56.92978,61.89284,55.21032,56.75017,65.98852,66.02044,52.70992,74.05593,46.40411,39.0304,51.21049,48.81121,58.53994,73.07089,74.57753,75.60169,71.70321,73.05161,68.66178,64.05573,74.5185,62.24905,46.57658,41.79873,56.78957,60.63382,55.377,52.91489,47.83653,50.02903,44.97906,59.84252,66.62646,67.21893,66.07977,62.30789,76.38809,63.67713,70.456,77.51992,56.08294,24.83393,27.36584,25.14629,26.89917,39.23628,33.38814,42.97817,38.01512,47.07724,45.70147,50.0174,40.67501,49.32788,38.46571,45.13018,30.53195,35.55171
21.41788,26.29009,10.2389,16.21501,8.825386,0,25.00139,8.460946,10.77211,17.51709,16.93785,24.08812,7.30617,18.14375,19.6547,12.82338,19.5883,14.77905,23.30428,20.53739,17.31003,15.07713,22.93814,39.71152,35.6419,33.13733,40.93488,34.06578,30.67622,29.11331,39.88686,45.89227,35.38324,40.67436,48.0619,21.53397,15.11194,16.32665,18.57966,51.536,33.93576,22.30322,46.36344,44.81834,56.7402,36.46942,54.73514,47.54753,50.77124,45.91466,50.65436,58.08767,55.80257,69.97375,58.59367,32.1814,33.55735,21.76956,69.71328,69.63974,63.70015,70.83401,75.18154,66.19119,52.19535,36.59131,27.16272,40.08976,47.52298,28.83902,32.99841,39.3545,31.30615,24.34786,26.31329,22.45005,55.22164,63.05096,74.80201,64.28222,60.39161,74.94957,59.1879,77.62061,70.05596,55.94614,80.65271,66.11887,24.83874,23.90006,28.91177,33.65876,44.52827,44.76303,41.03113,39.39151,36.90928,32.15668,37.95629,30.08305,47.12022,41.97077,25.45357,29.95135,34.19091,35.56221,25.53281,47.26439,34.26247,39.49488,27.26427,34.81583,35.26571,44.69163,31.96176,33.58837,65.51014,62.46009,60.84572,53.82161,57.66921,51.86374,61.29993,60.48564,57.49026,52.94121,61.16716,68.35667,58.25987,65.9154,49.13381,53.42389,51.99484,69.23604,55.55125,53.39751,59.32545,60.38522,63.40218,61.82773,63.62743,56.09562,59.4545,68.61193,63.01568,65.42583,70.43029,62.02468,63.95463,72.24258,72.88471,59.19998,80.38947,54.39119,46.59826,59.39538,57.05443,66.35404,80.12327,82.16654,82.82738,79.73222,80.94272,76.94254,72.52155,81.94398,69.34795,55.19062,49.90913,64.92189,68.51882,63.68306,61.42254,56.37209,58.55799,53.65772,67.45459,74.10131,75.16356,74.40643,68.7943,82.91077,70.47996,77.18981,84.50746,63.22079,33.44103,35.82221,33.41671,32.13028,47.54174,38.44643,50.60824,43.02449,54.80916,52.09307,57.67217,46.14846,57.44369,44.44912,53.14153,37.5681,43.85171
8.720005,7.427931,15.84702,9.318792,18.61536,25.00139,0,22.25366,25.79944,13.46135,21.47249,5.152114,28.80411,32.27474,12.34427,25.295,28.81721,32.23527,10.05836,22.76199,16.89814,29.70803,24.03919,23.27874,23.82049,16.19472,22.16101,18.84459,25.20047,17.80189,24.45673,31.01017,22.78637,29.57114,33.81674,14.9136,18.59717,23.74018,25.25442,34.39533,25.85252,24.49197,26.84732,24.22132,34.44805,17.67512,32.82595,26.96707,30.57808,28.12901,32.86347,33.97096,32.60585,45.91611,33.99845,16.09363,11.52414,22.96928,46.67049,48.02119,43.3873,48.95934,52.27094,45.36766,30.07747,25.61391,22.22901,25.5819,29.73411,22.91043,20.09325,26.42415,24.58737,19.85972,26.04906,24.46051,33.44173,40.98221,50.29091,39.63288,39.77648,51.90346,38.90475,53.25019,45.59441,37.36316,56.85052,42.17787,14.09395,19.55551,19.57056,19.09801,28.53632,26.79139,30.22044,35.23363,25.02102,29.31437,19.94291,33.56706,39.38501,40.56984,23.9272,20.36564,39.09444,20.53719,32.61447,39.74248,20.1351,40.13286,25.8287,25.98248,40.61948,41.2681,37.42653,28.10989,44.01604,44.40963,41.5003,34.11653,36.60428,32.70404,44.14129,45.56813,37.63148,35.84253,41.15004,47.67675,40.18541,47.0249,37.21976,42.81249,41.61267,47.65108,42.89636,39.31866,45.58238,44.84445,46.25155,39.29168,40.64065,35.10372,37.52766,44.72411,40.32601,43.50714,48.3463,37.37207,39.58385,47.6155,48.08283,34.49395,55.58677,37.68286,25.81245,43.35161,43.71334,42.27229,55.25421,57.57417,57.87558,55.70134,56.6244,53.56999,50.05912,57.48887,45.29819,42.49953,42.0251,45.52783,45.74275,43.17369,44.18705,37.56127,44.09774,37.5522,43.51481,49.62949,51.36229,51.33059,43.89168,58.05428,45.59688,52.50252,59.74539,39.00386,23.34355,21.62124,23.00632,9.109626,27.11251,15.48082,28.54485,19.78521,31.77025,27.93582,33.28217,22.92763,33.9255,20.3601,29.44797,14.29544,21.75792
17.83308,22.24298,7.934074,13.96823,11.82302,8.460946,22.25366,0,17.71162,18.19396,20.8669,22.04413,9.293253,24.80213,18.74235,7.309426,24.38665,19.01114,21.25702,22.31213,16.31523,13.67432,22.78614,32.63715,27.83793,26.64063,34.26709,27.49326,22.43689,22.061,32.49265,38.21384,27.85295,32.60435,40.2205,16.29817,8.695045,7.926534,11.97813,44.14739,25.96839,14.01553,40.42839,38.66809,50.81512,30.10173,48.55847,41.08679,44.20561,38.84821,43.38106,53.9476,51.04014,65.59504,54.8986,27.43409,30.47282,13.9975,64.36284,63.49816,56.87425,64.43,69.16082,59.41537,46.49278,29.97335,20.33579,33.30806,40.94572,20.89814,25.8099,31.85946,23.11335,16.2853,18.09485,15.75248,49.6548,57.34989,70.27257,59.9321,54.16807,69.18959,52.57578,72.59344,65.1862,48.77188,75.1398,61.09337,23.54095,22.39165,27.55002,30.84328,46.33531,45.80027,44.10031,44.02237,39.16567,36.54242,38.58648,35.86903,50.93132,47.1961,29.16923,31.90144,40.30787,36.46602,31.03999,50.56876,34.78981,44.39268,29.9826,36.81891,40.49543,48.53068,35.91151,35.10324,65.10808,63.3075,60.93225,53.60378,56.50759,51.25468,62.01709,61.95157,56.62517,52.96275,60.67343,67.8559,58.16238,65.93475,52.17448,56.43268,54.37832,67.62502,57.68906,54.77018,60.61485,60.99346,63.67812,61.08166,62.31466,55.76805,58.34663,66.42905,61.33137,64.51626,69.22436,59.30304,61.78361,68.74722,69.89312,56.07167,76.45215,56.2107,46.69789,61.39825,59.64487,64.39171,77.08907,79.63423,79.30526,77.52355,78.0665,74.72106,70.55188,77.98442,64.86136,56.6965,52.32709,65.80772,67.70517,63.93257,62.75908,57.03411,60.50176,54.89458,65.75634,71.81819,73.4572,72.84448,64.93985,78.56407,66.33075,72.66834,80.21723,58.94041,33.93561,34.59138,32.69757,27.72586,47.56043,34.84712,50.13432,38.63641,53.76997,47.31721,54.54182,40.80278,55.5414,39.69903,51.15599,33.60476,41.94354
25.36869,29.58025,16.29198,17.84279,8.358177,10.77211,25.79944,17.71162,0,14.3732,9.043014,23.36717,14.26189,8.617045,17.69855,20.03381,10.74956,12.23798,22.03088,14.85198,16.04119,18.87391,19.55283,45.15008,41.98391,36.92345,44.76345,37.54397,37.59596,33.69655,44.9762,51.84561,40.54072,47.00229,53.70387,28.065,23.50428,25.27241,24.90162,56.11924,39.94793,30.07827,50.95438,48.83431,59.91968,40.84739,57.87857,51.09241,55.0063,51.01752,55.63278,59.3654,58.16267,71.34167,59.0365,36.96488,35.32014,30.76335,72.39147,73.41793,67.96235,74.23106,77.76713,69.81573,55.51908,43.7739,35.28445,46.42425,52.92974,36.68865,39.31611,46.05326,38.82545,31.34074,33.65111,27.78397,58.74643,66.47068,75.76335,65.06577,64.69864,77.6547,63.59031,78.68752,70.9414,60.84366,82.48419,66.7106,22.10578,21.62557,25.57797,31.68273,38.06431,38.95531,32.84504,29.55396,29.40404,22.51172,32.72954,19.45386,37.65984,31.54812,16.5888,22.90014,23.43444,29.50762,15.26119,37.914,28.43618,29.12709,19.2114,27.07762,25.1418,34.89599,23.27604,26.37125,60.3891,55.66071,54.78711,48.28224,52.98569,46.54636,54.33696,52.70154,52.30042,46.72745,55.61644,62.81169,52.10539,59.62648,40.77489,44.44253,43.31227,64.72846,47.18501,45.74774,51.52685,53.26873,56.67192,57.66021,59.6488,51.00751,54.95297,65.4812,59.07423,60.64615,65.74737,60.9271,61.95871,72.17815,71.78159,58.80205,80.47042,47.64482,42.55921,51.99992,48.71,63.41841,78.7589,79.75882,81.57497,76.51951,78.3884,73.38062,68.49673,80.69133,68.91722,47.24003,41.1427,58.86957,64.46251,58.09871,54.30075,50.13272,50.54122,46.4645,64.5344,71.73091,71.72099,70.31158,68.7697,83.02632,70.26063,77.20008,84.01205,62.71909,27.38457,31.67184,28.79928,34.49223,42.6169,40.2654,46.93275,45.25647,51.42274,52.93932,55.93497,48.37423,54.2223,45.88891,50.23286,37.59162,40.72724
17.04746,19.35484,13.74108,7.704938,8.781588,17.51709,13.46135,18.19396,14.3732,0,8.31944,9.622641,20.38083,19.32959,3.955656,19.71655,15.36868,20.12074,7.873227,10.08599,6.910968,20.87226,13.40928,34.21551,32.20021,24.79839,32.2409,25.40994,29.59229,23.00209,33.60676,41.04862,29.75346,37.1026,42.63518,21.85538,20.31185,22.8369,21.46681,43.92458,30.692,25.06565,39.85137,36.73575,47.01448,29.18879,44.71505,38.2028,42.71031,39.4649,43.73349,46.70926,45.8013,58.57613,46.16462,28.03658,24.50014,26.62206,59.66001,60.92069,55.36111,61.07251,64.20412,56.6517,43.03103,36.01026,29.5265,36.99617,42.16707,29.57956,29.8775,36.57843,31.00876,23.83908,27.55691,21.9688,46.67978,54.10502,62.41943,51.67104,52.7578,64.46125,51.35501,64.84999,57.06768,48.78544,68.77744,52.47802,8.616919,11.49153,13.74235,18.39832,29.41493,28.91872,26.56519,27.60204,21.1719,20.25252,21.67848,22.45841,33.45396,31.61731,12.96082,13.75614,27.63239,18.54457,19.73762,32.99218,16.92631,29.48648,14.39321,18.94735,28.25101,32.16395,24.72906,19.04396,48.74765,45.59437,43.60932,36.52431,40.2937,34.35914,44.17423,43.83243,39.9901,35.5352,43.74522,51.04453,40.81656,48.54273,34.53065,38.42847,36.45797,51.87315,39.52165,36.70229,42.71238,43.30945,46.09857,45.81871,47.04646,39.22562,42.34704,52.19914,46.00397,48.37785,53.24341,48.16068,49.35329,59.34766,58.79876,45.97995,67.2094,39.21704,31.89297,43.84068,41.63923,50.49348,65.60993,66.63405,67.87195,63.36714,64.74495,60.07858,55.345,66.53535,54.59023,38.80111,35.11916,49.09375,52.75499,47.31665,44.98253,39.66101,42.33572,36.87526,52.07118,58.86809,59.06939,57.56576,55.37821,69.27157,56.35166,63.12484,69.92806,48.4319,16.95375,19.05864,17.50058,22.31081,31.14347,28.76339,35.56347,33.12893,39.36831,38.92951,41.96822,35.02497,40.97306,32.32796,36.88483,23.37622,26.99725
24.10334,27.08769,17.9714,15.02787,9.37835,16.93785,21.47249,20.8669,9.043014,8.31944,0,17.71478,19.36467,11.43651,11.40742,21.88365,7.755781,15.35481,15.54731,7.65461,10.96055,20.49298,13.48346,42.33283,39.82321,32.82876,40.39212,33.06057,36.15919,30.36297,41.54218,49.0221,37.28012,44.5259,50.39933,28.36724,25.36188,27.05751,24.95781,51.88202,37.52246,30.21205,48.01556,45.0442,55.2607,37.43801,52.95467,46.45098,51.02698,47.68741,51.91773,54.34147,53.73477,66.18197,53.52779,35.51592,31.95966,32.21955,67.69074,69.16912,63.65523,69.29043,72.26782,64.8227,51.27171,43.37101,36.04533,44.85378,50.33494,36.41692,37.62056,44.36659,37.94738,30.39728,33.08012,26.38046,54.85162,62.28156,69.97515,59.24302,61.0296,72.55014,59.674,72.48699,64.68943,57.03693,76.6396,59.96144,14.50436,14.8627,17.53715,23.91703,31.30599,31.77739,25.98051,23.80403,21.62612,16.14291,25.32803,15.7183,30.91347,26.5412,8.723289,14.43369,20.46478,21.20345,11.86251,30.43842,19.71589,23.69084,10.82047,18.36109,21.17263,28.01478,18.50498,17.72271,52.50529,47.52835,46.39351,39.87827,44.45099,37.8261,45.82449,44.34971,43.56722,37.86744,47.03583,54.37473,43.31167,51.01319,33.94583,36.99452,35.18789,56.07951,39.07876,37.20366,42.92816,44.46868,47.89073,50.3672,51.85906,43.0554,46.73382,57.66117,50.84926,52.48313,57.405,54.76388,55.42844,66.37496,65.37262,52.95838,74.35539,40.85687,36.28719,44.8452,41.35339,56.06721,72.04516,72.47504,74.43483,68.70118,70.52789,65.13613,59.99367,73.06595,61.5824,38.67612,33.05712,51.70342,57.31814,50.54098,46.48935,42.22334,42.57895,38.21007,57.55189,64.72551,64.2125,62.23729,62.57939,76.49852,63.52264,70.34708,76.87121,55.48131,18.35776,22.96683,20.12333,30.48046,35.10505,36.43197,40.39037,41.08243,44.54564,46.69893,48.46952,43.2093,46.46349,40.37233,42.65983,31.09601,32.73289
12.63805,12.35686,16.32863,8.22073,16.53296,24.08812,5.152114,22.04413,23.36717,9.622641,17.71478,0,27.23733,28.90753,7.911168,24.02681,24.76464,29.04227,5.27265,18.1432,12.97792,27.22197,19.41812,26.57621,26.25099,17.64327,24.16403,19.16549,26.25622,18.24162,26.53835,33.78122,23.99667,31.39284,35.77885,18.51062,20.37559,24.16943,23.96761,36.23059,26.5933,24.78369,31.14007,27.78916,37.58467,21.00929,35.47479,29.4035,33.79832,31.28917,35.57393,37.2339,36.30362,49.07051,36.81408,21.11764,16.27799,25.16565,50.06738,51.49825,46.34606,51.73484,54.76203,47.7013,33.63732,29.96223,25.79379,29.79321,33.84095,25.59643,23.54706,29.90853,26.8011,21.11575,26.35266,23.04062,37.33315,44.64231,52.91076,42.16826,43.56918,54.87999,42.29206,55.3995,47.63902,40.28337,59.25899,43.41909,9.041878,14.92082,14.65098,15.16245,27.03362,25.3733,27.41963,31.76384,21.70367,25.50953,18.02372,29.825,35.89716,36.83195,19.70457,16.14529,35.20207,17.059,28.4787,35.67756,15.98387,35.75307,20.95702,21.46209,36.09357,36.74915,32.60561,23.03637,43.16851,42.32015,39.48977,32.06241,34.82586,30.12055,41.45484,42.45465,35.3376,32.69442,39.13052,46.07542,37.4186,44.73449,34.65368,39.40714,37.6277,46.10437,39.44006,35.81639,41.95623,41.47593,43.32391,39.3264,40.31306,33.90146,36.36008,44.72158,39.43406,42.49971,47.26997,39.41207,41.10516,50.18257,50.00168,36.92015,57.9353,36.41945,26.17182,41.58673,41.04822,42.80577,56.91299,58.51952,59.14197,55.87276,56.87477,53.06736,48.96095,58.08148,45.93712,38.65638,37.51885,44.74889,46.08332,42.34002,42.16654,35.82875,41.2064,34.78862,44.41364,50.75987,51.72927,50.87334,46.1005,60.00216,47.19609,53.99386,60.99901,39.6924,18.42733,17.18104,18.09276,13.29111,26.0233,19.8599,29.07575,23.79087,32.30928,29.57942,33.62129,25.56286,33.66389,22.76169,29.32873,14.43589,20.20303
25.91451,30.36346,14.93302,19.56481,12.62898,7.30617,28.80411,9.293253,14.26189,20.38083,19.36467,27.23733,0,19.03533,21.5909,8.901832,19.85523,11.2777,25.19514,20.50255,17.58966,8.86951,21.2867,41.25274,36.0415,34.03571,41.93407,34.08241,29.45574,28.91784,40.31203,46.47558,35.07672,40.10553,47.78421,25.37105,17.93027,15.20807,14.84515,51.64894,32.59871,20.33578,49.38167,47.20426,59.14753,38.51771,56.59863,48.99698,52.66719,47.34273,51.57331,61.93079,59.42729,73.71303,62.48985,36.34692,38.22687,22.7584,72.86382,72.18747,65.24582,72.67114,77.17498,67.32614,54.99336,39.23787,29.53475,42.46474,49.96616,29.60029,34.70799,40.69477,31.27812,24.18264,24.09286,19.19225,58.36633,66.03191,78.11344,67.59181,63.00781,77.51952,61.20308,80.21854,72.66965,57.11001,83.05137,67.9947,26.06643,23.18931,28.93229,33.84898,49.05433,49.02227,44.99993,42.7721,40.39873,35.26865,41.93686,32.76494,50.22452,44.77241,28.04197,32.84558,36.25545,38.66676,26.66868,49.44106,36.69032,40.98638,28.21104,36.82999,35.61819,46.01625,30.96376,33.96765,69.09543,65.68457,63.77815,56.72543,60.1335,54.11974,63.87675,62.95537,59.66826,54.92286,63.74514,71.18653,60.39309,68.41691,53.07348,56.29128,53.92025,71.37582,58.02109,55.59658,61.07657,62.11034,65.40157,65.90506,67.08196,59.57639,62.43432,71.70788,65.78905,68.57455,73.26891,66.1551,68.13508,76.25744,76.82189,63.26323,83.99026,58.91058,51.43385,63.49578,60.55747,70.00648,83.87845,85.73777,85.94162,82.90691,83.70527,79.54039,74.79277,84.16534,71.19763,56.88613,50.95496,69.26207,72.74924,67.66404,64.96731,59.95293,61.54255,56.63499,71.53466,77.97136,78.8431,77.51507,72.28988,85.92192,73.33977,79.69528,87.02097,65.29332,34.50433,36.61379,33.61618,35.54859,51.45887,42.78768,55.20616,46.80656,59.06907,54.41469,60.39811,48.57384,60.61582,47.15261,56.39492,39.72489,46.4211
33.21767,37.02126,24.45019,24.6803,15.71548,18.14375,32.27474,24.80213,8.617045,19.32959,11.43651,28.90753,19.03533,0,22.2239,25.19137,6.749085,11.16589,26.55721,15.07861,19.90329,21.35329,19.81092,52.07325,48.65225,42.85968,50.70914,42.81793,43.61938,39.39204,51.15346,58.45264,46.35609,53.1246,59.68169,36.24262,31.47072,31.88802,29.59438,61.83124,45.53724,36.0442,58.27714,55.60675,66.26826,47.62858,63.91307,57.12284,61.58975,57.73561,62.00351,65.52647,64.76651,77.41536,64.77999,44.88063,42.38567,38.31969,78.839,80.08765,74.32402,80.31083,83.49661,75.61234,62.16792,51.78165,43.31095,54.07614,60.29114,43.99136,46.63077,53.33157,45.66797,37.94103,39.31507,32.19509,65.65285,73.21669,81.35599,70.62706,71.67188,83.78059,70.29048,83.9156,76.11812,67.30351,88.016,71.29063,25.26258,23.55306,27.06788,34.045,39.96675,41.20597,32.97079,27.28118,30.06469,20.78506,35.53184,15.46998,35.37291,27.61256,16.09664,23.98982,17.75615,31.17886,9.324461,34.90995,29.80942,23.77275,17.3517,26.29385,18.11314,30.34503,16.82933,24.41806,62.22248,55.89838,55.48659,49.53536,54.51351,47.53488,53.95997,51.4631,53.21526,46.71218,56.47281,63.74546,52.15806,59.72283,40.34908,42.3809,40.78463,65.98188,45.43303,44.55466,49.67835,52.06271,56.0139,60.57934,62.28615,52.97188,56.95533,68.42299,61.29328,62.4543,67.34831,65.88385,66.36845,77.58364,76.51865,64.16214,85.68237,48.96562,46.35534,52.35167,47.76757,66.87335,83.17117,83.36136,85.66239,79.3376,81.39469,75.59146,70.17962,84.2213,72.82953,45.2505,37.65269,60.43809,67.44847,59.85078,54.49309,51.23304,49.5155,46.34521,68.23961,75.60711,74.73597,72.49638,73.94062,87.90759,74.93117,81.74653,88.20363,66.78819,27.35991,32.8798,29.20444,41.21426,45.21556,47.13097,50.7285,51.97894,55.12368,58.07016,59.71519,54.34092,57.31197,51.64484,53.66587,42.40628,43.77361
16.9271,18.48004,14.91726,7.558397,11.37171,19.6547,12.34427,18.74235,17.69855,3.955656,11.40742,7.911168,21.5909,22.2239,0,19.30523,17.5739,21.61323,4.430336,10.54022,5.485454,20.70064,12.04687,31.69252,29.55368,21.65186,29.08572,21.89251,26.96366,19.83699,30.52861,38.19951,26.55566,34.09592,39.41807,21.58234,20.36261,22.09188,19.91551,40.56572,27.62755,23.26442,37.92911,34.3105,44.44737,26.70822,41.8487,35.18664,40.02479,36.74739,40.74206,44.97236,43.95563,56.7297,44.47479,27.23961,23.82154,25.78477,57.48183,58.49293,52.48663,58.22434,61.36816,53.51039,40.72652,34.70131,28.65524,35.17832,40.05435,27.82683,27.82181,34.34978,28.79294,21.7415,25.29026,19.62883,44.61795,51.90241,60.28007,49.5434,50.464,61.93574,48.74208,62.28978,54.51337,45.86333,66.11899,49.53965,5.423223,8.701838,10.81886,14.84857,30.18968,29.15153,27.94218,29.72048,22.04029,22.49909,21.70781,25.29925,34.80336,33.80723,15.21376,14.57264,30.30516,18.38502,22.22184,33.78547,16.21101,31.25701,15.24802,19.18576,30.09182,33.14224,25.74547,18.53585,47.81464,45.12157,42.66142,35.429,38.59243,32.82703,43.42759,43.46076,38.32386,34.25045,42.39555,49.78042,39.51651,47.41256,35.65685,39.12169,36.54974,49.91226,39.56966,36.24827,42.05978,42.26951,44.95145,44.97352,45.69306,38.30725,40.87217,50.38978,44.22274,47.05603,51.68691,46.74639,48.08911,57.72052,57.19868,44.46188,65.27542,39.80852,31.92414,44.30044,42.23625,49.00753,63.89726,64.94712,65.746,61.59749,62.61541,58.07532,53.30196,63.93666,51.70841,38.28217,35.06521,49.04982,51.93493,46.84005,44.87789,39.26174,42.39472,36.58257,50.87935,57.39302,57.67459,55.98058,53.39678,66.97314,53.98455,60.5505,67.39994,45.64797,15.75351,16.52498,15.18965,20.53538,30.64379,27.64487,35.16845,31.47939,38.53665,36.18462,39.6875,32.38607,39.27229,29.82342,35.18765,20.48119,24.93774
22.68039,26.2648,13.95492,16.90049,14.65773,12.82338,25.295,7.309426,20.03381,19.71655,21.88365,24.02681,8.901832,25.19137,19.30523,0,23.77368,16.78818,21.71589,20.89722,15.27216,7.837423,19.60582,33.97047,28.106,26.70307,34.40079,26.34093,20.86824,20.96825,32.30098,38.48044,26.77792,31.60996,39.32296,21.43094,14.25043,8.426267,6.098171,43.37998,23.8782,11.84951,43.23902,40.53681,52.38796,31.76208,49.47856,41.6523,45.49004,39.86456,43.70458,56.77685,53.87907,68.26252,57.60741,31.93009,34.6352,16.94917,66.63809,65.34267,57.68202,65.32406,70.02438,59.55741,48.60629,33.44001,24.1991,36.01779,43.30468,22.48094,27.80576,33.42377,23.41418,16.28669,15.36255,10.60328,52.22516,59.64619,72.32277,61.98323,56.29039,70.76068,54.00568,73.81846,66.41485,49.34211,76.28898,61.41913,23.07654,19.9171,25.6606,29.08342,48.96987,48.1657,46.12005,45.56718,40.7027,37.86425,40.73994,37.04399,52.06019,48.26788,30.04912,32.92356,41.00727,37.63825,31.00288,50.73836,35.26535,44.26823,29.25596,36.86947,39.61081,48.0116,33.76946,33.59617,66.63296,64.36126,61.69681,54.40311,56.85153,51.37057,62.37155,62.20456,56.6263,52.74778,61.07123,68.49674,58.07392,66.19692,54.10673,57.214,54.18344,67.57214,57.99749,54.78485,60.13325,60.45941,63.4104,63.27163,63.80007,57.22511,59.26769,67.57749,62.05278,65.57551,69.92409,61.98036,64.36409,71.43463,72.29573,58.81019,78.64891,58.7669,49.86961,63.43727,61.04533,66.21218,79.21025,81.37737,80.6912,78.71511,78.86782,75.23195,70.6702,78.35303,64.96826,56.19545,51.31617,68.13771,70.05599,65.8832,64.16654,58.53438,61.31941,55.72587,68.07182,73.93893,75.21424,73.88368,67.03112,80.06873,67.63363,73.58214,81.03399,59.30925,33.0183,33.35485,30.89232,30.56812,49.58105,38.5715,53.04559,41.73922,56.29682,48.2717,55.4962,42.22609,56.81719,41.29003,52.58708,34.32079,42.63867
31.22382,34.36546,23.64496,21.75551,14.50623,19.5883,28.81721,24.38665,10.74956,15.36868,7.755781,24.76464,19.85523,6.749085,17.5739,23.77368,0,11.5232,21.65976,8.822162,15.20446,19.78725,13.71046,48.54276,45.24934,38.55689,46.25162,38.12142,40.38188,35.27646,47.05602,54.69949,42.22779,49.36441,55.49242,34.82119,30.60783,30.59115,27.0394,57.20717,41.70721,33.6695,55.06231,51.78396,61.99792,43.92676,59.35887,52.61682,57.52268,53.89628,57.83236,61.6083,61.02531,73.3714,60.68831,42.74983,39.59234,37.06548,74.77233,76.04046,69.97005,75.70495,78.65968,70.79898,58.22886,49.81587,41.9008,51.40757,57.09163,41.71675,43.74093,50.36852,42.92237,35.14421,36.48206,28.77247,61.99241,69.34693,76.85765,66.13577,67.95078,79.31461,66.27142,78.96195,71.16384,63.12924,83.14185,65.88224,19.65307,17.57532,20.70907,27.8476,36.56652,37.30286,29.74083,25.07237,25.91589,17.905,31.31282,14.66606,32.27168,25.98863,11.81342,19.15951,17.61864,26.27367,7.33406,30.90652,24.3463,21.2299,11.25293,20.9158,16.14364,26.53126,12.63975,18.06992,57.47644,51.2349,50.3995,44.33069,48.92872,41.87594,48.87382,46.63508,47.50388,41.03322,51.05322,58.49796,46.57299,54.41059,37.17651,38.59005,36.09988,60.20102,40.89541,39.4488,44.44851,46.5443,50.52375,56.1775,57.34395,48.15133,51.69594,63.20455,55.8671,57.33004,61.9982,61.67498,62.08765,73.4066,72.09504,60.02882,81.17249,45.59629,42.82822,48.76209,44.09126,62.0799,78.54153,78.48772,80.56967,74.15135,75.95695,70.03418,64.44611,78.5888,67.1766,40.03402,32.67006,56.59273,63.16045,55.53458,50.21868,46.70719,45.17159,41.60128,63.80024,70.99265,69.93362,67.28693,69.37619,82.976,69.88182,76.49796,82.84195,61.26664,21.0905,26.52496,22.63548,37.66005,40.79981,43.98355,46.88121,48.44228,50.90299,53.0724,54.40589,49.87387,52.18086,47.12433,48.63072,37.34153,38.32971
32.13583,36.03619,22.05342,23.31078,14.8386,14.77905,32.23527,19.01114,12.23798,20.12074,15.35481,29.04227,11.2777,11.16589,21.61323,16.78818,11.5232,0,25.75859,15.08384,17.09003,11.09502,16.54557,48.02196,43.19426,38.87586,46.88715,38.1825,36.58932,34.05444,46.23534,53.34101,40.73356,46.82611,53.92386,33.5536,27.19754,24.72899,20.97371,56.90952,38.69554,28.31988,56.06525,53.03912,64.25416,44.47543,61.37177,53.92082,58.50199,53.76867,57.64409,66.02062,64.39878,77.86496,65.83237,43.47517,42.99327,32.5575,77.93593,77.98969,70.96503,77.7141,81.51518,72.19239,60.42184,48.04601,38.9352,50.43343,57.16193,38.3282,42.32705,48.58972,39.43961,31.78644,31.41342,24.02398,64.17756,71.69705,81.6399,70.92975,69.31918,82.30704,67.29334,83.42696,75.70279,63.2366,86.89426,70.28732,24.79272,20.76368,26.01285,32.46304,46.58629,46.93843,40.65916,36.47106,36.38845,29.23914,40.27906,25.50836,43.77965,37.23825,22.5819,28.95961,27.86098,35.65948,18.02703,42.23232,33.35846,32.1699,21.47191,31.32872,25.66369,37.5209,20.71106,27.29456,66.9586,61.67967,60.28406,53.77148,57.65023,50.89729,59.21067,57.39167,56.47056,50.58741,60.4751,68.06891,56.1975,64.32625,48.34101,49.97255,47.071,68.77202,51.93269,50.01312,54.89384,56.59333,60.48398,65.03824,65.96027,57.46163,60.49586,71.14162,64.2289,66.45551,70.99735,68.20033,69.36836,79.21356,78.74365,65.91974,86.84644,56.02086,51.28979,59.62141,55.33916,70.00676,85.43478,86.16353,87.20027,82.28687,83.45365,78.18516,72.75671,84.84481,72.45944,50.53572,43.1933,66.7778,72.05858,65.3785,60.90721,56.81832,56.19799,52.14857,71.82585,78.63798,78.34981,75.99841,74.97202,88.45463,75.44808,81.80929,88.64108,66.63067,29.73544,33.48342,29.49274,40.23621,49.88905,47.50549,55.20284,51.65986,59.08642,57.21506,60.959,52.73766,60.05124,50.71789,56.19953,41.62712,45.59919
16.3075,16.60392,17.1004,8.849424,15.37035,23.30428,10.05836,21.25702,22.03088,7.873227,15.54731,5.27265,25.19514,26.55721,4.430336,21.71589,21.65976,25.75859,0,14.03357,8.89772,23.77721,14.41365,28.64712,27.14873,18.33554,25.37306,18.62964,25.59402,17.52253,27.35964,35.11791,23.83827,31.55861,36.26223,21.27302,21.40623,23.33806,21.26821,36.91477,25.67647,23.48812,34.67462,30.68587,40.41236,23.44737,37.73116,31.22441,36.25385,33.33404,37.15578,41.12169,40.17571,52.76972,40.59264,25.30334,21.30727,25.96822,53.47333,54.53917,48.53189,54.05834,57.0752,49.37514,36.87964,32.90707,27.96244,32.68417,36.90038,26.6779,25.59944,31.88322,27.32339,20.92348,24.92622,20.08213,40.90735,48.03027,56.12082,45.40279,46.74435,57.75437,44.92813,57.95543,50.18214,42.159,61.7927,45.11686,4.294173,9.673652,9.904617,11.75003,29.1115,27.49067,28.09637,31.28279,21.91998,24.54091,20.0042,28.37967,35.43712,35.77999,17.90676,15.18029,33.42166,17.22367,25.88297,34.30936,15.00943,33.53733,17.64704,19.57221,33.12985,34.48107,28.72062,19.40613,44.93575,43.10082,40.18991,32.81254,35.41925,30.09514,41.467,42.08536,35.40431,32.06,39.60935,46.91594,37.12953,44.95123,35.42586,38.97346,36.25839,46.54379,38.80533,35.02739,40.79945,40.49624,42.81753,41.93112,42.33471,35.52966,37.6522,46.64213,40.71196,43.92138,48.41893,43.01081,44.48671,53.82007,53.32161,40.66363,61.18795,38.45703,29.6497,43.01145,41.51862,45.37183,59.95904,61.10876,61.60968,57.85176,58.63847,54.35174,49.72972,59.67451,47.33304,37.29579,35.20897,46.92573,48.84578,44.3413,43.1581,37.13233,41.27549,35.02879,47.39942,53.67076,54.13817,52.50951,49.29974,62.71518,49.71299,56.20426,63.08544,41.28387,15.34928,14.26918,14.12771,17.32333,28.17993,24.58687,32.44783,27.96989,35.41932,31.82249,35.57077,28.25814,35.63176,25.6529,31.5093,16.08972,21.27841
26.59508,28.82731,21.03051,16.58271,13.21784,20.53739,22.76199,22.31213,14.85198,10.08599,7.65461,18.1432,20.50255,15.07861,10.54022,20.89722,8.822162,15.08384,14.03357,0,8.159991,18.19246,6.136158,41.40557,38.28717,30.79419,38.27672,30.007,33.86267,27.78638,39.37181,47.26091,34.60954,42.04422,47.68201,30.54804,27.24914,26.9053,22.42772,49.011,34.52901,28.53145,48.34611,44.45972,54.31044,36.73693,51.37326,44.61279,49.87785,46.40996,50.00413,54.78493,54.12427,66.3944,53.90689,37.50288,34.10044,32.88962,67.42815,68.47889,62.01239,67.64134,70.53837,62.4991,50.88302,44.37338,37.29917,45.15847,50.26352,36.10531,37.35326,43.77685,36.77309,29.18366,30.7193,22.8983,54.92281,62.05389,69.50407,58.81246,60.65416,71.54089,58.63852,71.10861,63.33418,55.28535,75.17316,57.66421,11.43178,8.86031,12.09963,19.16227,33.63448,33.38657,28.35372,26.57507,23.03632,19.0304,26.66279,19.46644,32.28494,28.89103,11.35551,15.20473,23.30288,21.3502,13.93502,30.1949,18.5872,24.25323,8.450188,17.24114,21.08821,27.17736,15.64323,13.4709,52.29061,47.1844,45.4334,38.87559,42.62082,35.83141,44.57503,43.2607,41.38876,35.6322,45.45118,53.08312,41.23554,49.42506,35.88849,37.33645,33.92988,53.71507,38.3592,35.76186,40.85085,42.08345,45.73893,50.84782,51.34646,42.83006,45.61618,56.54947,49.35492,51.5729,55.99616,55.27803,55.95123,66.71993,65.492,53.46878,74.09098,42.84803,38.40623,46.20796,42.23062,55.77202,71.83173,71.93525,73.34494,67.62015,68.89904,63.29936,57.76081,70.84132,59.05619,36.63085,30.72623,52.88778,57.92245,51.05505,46.77504,42.39999,42.40779,37.78274,57.87727,64.67148,63.87935,61.12963,62.23566,75.44678,62.29135,68.66285,75.09239,53.24845,14.74106,18.73699,14.90876,31.04015,35.78921,37.98259,41.916,41.83173,45.38358,45.11462,46.99473,42.1475,45.58174,39.51119,41.95951,29.38829,31.1803
19.80395,22.02773,14.88712,9.84209,10.02703,17.31003,16.89814,16.31523,16.04119,6.910968,10.96055,12.97792,17.58966,19.90329,5.485454,15.27216,15.20446,17.09003,8.89772,8.159991,0,15.49323,8.347165,33.70878,30.32282,23.47386,31.27225,23.01385,26.04089,20.127,31.86978,39.57855,27.06907,34.34855,40.30774,23.14846,20.02577,19.75438,16.06867,42.10073,26.98167,21.01236,41.18311,37.44146,47.95679,29.32709,45.03414,37.91655,42.88462,38.96323,42.74779,49.62018,48.25119,61.31464,49.31237,30.41397,28.36669,25.12537,61.52965,61.97373,55.24886,61.41679,64.84155,56.1828,44.37047,36.4602,29.41122,37.31446,42.76144,27.95894,29.34534,35.76719,28.66386,21.0956,23.21547,16.2702,48.37859,55.66154,64.75538,54.06316,53.77643,65.70501,51.70491,66.38223,58.64833,48.13372,69.9742,53.26286,8.586825,6.807232,11.7004,16.76966,35.0338,34.15451,31.81961,32.13495,26.00454,24.56249,26.78696,25.9082,37.64239,35.42591,16.69637,18.10423,30.40843,22.78749,21.15276,36.06689,20.1628,31.76222,15.4355,21.77605,29.11576,34.23247,23.716,19.18257,52.63737,49.40969,46.96423,39.84325,42.8358,36.82551,47.26021,46.9398,42.27558,37.81217,46.56822,54.10372,43.2317,51.37328,39.57588,42.24664,39.10923,53.90822,42.76711,39.52062,44.95873,45.39036,48.42512,50.13372,50.58159,43.12583,45.47122,55.09741,48.72679,51.69297,56.13114,51.8786,53.30082,62.65175,62.21873,49.49536,70.00387,44.61045,37.34183,48.78433,46.075,54.01566,68.83995,69.84655,70.36506,66.30134,67.08747,62.43603,57.42924,68.03602,55.52398,41.0259,36.69025,54.00635,57.12889,51.76883,49.23604,43.89085,46.11247,40.58665,56.06217,62.45514,62.64464,60.62479,58.11908,71.41148,58.4071,64.73079,71.62266,49.63345,17.91338,19.09203,16.57013,24.54765,35.73206,32.2144,40.57119,35.81245,43.84465,40.16756,44.21761,36.10343,44.08824,33.90696,40.08998,24.54644,29.51266
28.68767,32.17473,19.34884,20.90741,16.08703,15.07713,29.70803,13.67432,18.87391,20.87226,20.49298,27.22197,8.86951,21.35329,20.70064,7.837423,19.78725,11.09502,23.77721,18.19246,15.49323,0,16.47824,40.46128,34.58245,31.91314,39.69987,30.80218,26.90659,26.1049,38.03645,44.73385,32.16258,37.45032,44.86669,28.54437,21.5987,16.20517,10.70336,48.54434,29.15785,18.48684,49.89043,46.64615,58.09082,37.89037,54.87101,47.03772,51.49948,46.11011,49.59615,62.11536,59.69021,73.66658,62.51296,38.74523,40.14007,24.77503,72.46696,71.44925,63.51149,70.85114,75.19767,64.791,54.5572,41.01427,31.95048,43.22772,50.13792,29.89921,34.8123,40.44365,30.36497,23.13556,21.23167,14.11035,58.43974,65.76311,77.31502,66.83519,62.68418,76.32282,60.16201,78.48849,70.97077,55.30936,81.283,65.33892,23.73761,18.90967,24.94523,29.67318,49.95961,49.42409,45.71468,43.67921,40.4188,36.0193,42.12898,34.19694,50.20774,45.46517,28.32813,32.44714,37.34541,37.95899,27.07157,48.25223,35.21563,40.422,26.45369,35.31311,34.71868,44.4349,28.31208,30.78379,68.05431,64.43747,62.06297,55.05703,57.7759,51.68946,61.87684,61.06101,57.00569,52.26558,61.52476,69.15964,57.77834,66.11854,53.56243,55.51974,51.95854,68.43288,56.44035,53.50796,58.39964,59.18584,62.63795,65.56129,65.8619,58.55913,60.6749,69.97721,63.70163,66.94242,71.16812,66.14064,68.03558,76.18585,76.41797,63.32111,83.31041,59.61818,52.48311,63.64703,60.23825,69.05323,83.11346,84.5587,84.31072,81.15302,81.46309,77.06385,71.95789,81.4095,68.2506,54.29679,48.23337,69.38449,72.52884,67.23197,64.2322,59.19198,60.39107,55.34491,71.15908,77.2792,77.79422,75.70079,71.53622,84.43827,71.68336,77.57731,84.74823,62.67308,31.64018,33.0308,29.61667,36.00828,51.2167,44.14219,55.81189,47.42642,59.11242,52.56221,58.47858,47.35704,59.14741,46.08673,55.13022,37.85705,44.52229
