# 58  # Number of network ROIs
# 1  # Number of netcc matrices
# WITH_ROI_LABELS
       2111 	       2112 	       2211 	       2212 	       2301 	       2311 	       2321 	       2322 	       2331 	       2332 	       2501 	       2502 	       2611 	       2612 	       2701 	       2702 	       3001 	       3002 	       4001 	       4002 	       4022 	       4101 	       4102 	       4111 	       4112 	       4201 	       4202 	       5001 	       5002 	       5021 	       5022 	       5301 	       5302 	       7001 	       7002 	       7011 	       7012 	       7021 	       7022 	       7101 	       7102 	       8101 	       8102 	       8111 	       8112 	       8201 	       8202 	       9021 	       9022 	       9031 	       9032 	       9041 	       9042 	       9100 	       9110 	       9120 	       9130 	        9140
       2111 	       2112 	       2211 	       2212 	       2301 	       2311 	       2321 	       2322 	       2331 	       2332 	       2501 	       2502 	       2611 	       2612 	       2701 	       2702 	       3001 	       3002 	       4001 	       4002 	       4022 	       4101 	       4102 	       4111 	       4112 	       4201 	       4202 	       5001 	       5002 	       5021 	       5022 	       5301 	       5302 	       7001 	       7002 	       7011 	       7012 	       7021 	       7022 	       7101 	       7102 	       8101 	       8102 	       8111 	       8112 	       8201 	       8202 	       9021 	       9022 	       9031 	       9032 	       9041 	       9042 	       9100 	       9110 	       9120 	       9130 	        9140
# CC
      1.0000	      0.6454	      0.4414	      0.3898	     -0.2271	     -0.1916	      0.1586	      0.1333	     -0.3311	     -0.2974	      0.1438	      0.2222	      0.5209	      0.5538	      0.5279	      0.4433	     -0.3155	     -0.2765	     -0.1959	     -0.1662	     -0.0205	     -0.1528	     -0.1081	     -0.2519	      0.0393	     -0.1363	      0.0163	     -0.2246	     -0.2247	     -0.1990	     -0.2390	     -0.2004	     -0.0744	     -0.0316	      0.0441	     -0.2502	     -0.2203	     -0.0842	     -0.3303	     -0.1493	     -0.1440	     -0.2036	     -0.1136	     -0.2478	     -0.2070	      0.0414	      0.0436	     -0.0381	     -0.0683	     -0.0957	     -0.1905	     -0.0931	     -0.1098	     -0.0449	     -0.1281	     -0.1566	      0.0471	     -0.1571
      0.6454	      1.0000	      0.4402	      0.5740	     -0.2519	     -0.2534	      0.1464	      0.1893	     -0.4752	     -0.2995	      0.1550	      0.2357	      0.3257	      0.4101	      0.4105	      0.5806	     -0.4560	     -0.3319	     -0.2368	     -0.1302	     -0.0867	     -0.3289	     -0.2148	     -0.3478	      0.0635	     -0.2888	      0.0004	     -0.2875	     -0.2510	     -0.3152	     -0.2840	     -0.2709	     -0.0475	     -0.0740	      0.0676	     -0.2229	     -0.1967	     -0.0415	     -0.2281	     -0.1723	     -0.1199	     -0.2637	     -0.1301	     -0.4869	     -0.3698	     -0.3657	     -0.1015	      0.0052	     -0.0513	     -0.2111	     -0.2780	     -0.1304	     -0.1798	      0.0096	     -0.0277	     -0.2375	      0.0510	     -0.1618
      0.4414	      0.4402	      1.0000	      0.5979	      0.0528	      0.2603	      0.3394	      0.3197	     -0.2221	     -0.1843	      0.0629	      0.1419	      0.0472	      0.1974	      0.2695	      0.3956	     -0.1466	     -0.1850	      0.1498	      0.1550	      0.0351	     -0.1048	     -0.1261	     -0.2019	     -0.1846	     -0.1381	     -0.0874	     -0.1961	     -0.1939	     -0.2730	     -0.2360	     -0.2521	     -0.1749	      0.0093	      0.0551	     -0.1461	     -0.1042	     -0.0747	     -0.1313	     -0.0605	     -0.0986	     -0.1611	     -0.1474	     -0.2303	     -0.2102	      0.0489	     -0.0032	     -0.2015	     -0.1502	     -0.2602	     -0.2771	     -0.2065	     -0.1064	      0.0424	     -0.2128	     -0.1160	     -0.1173	     -0.1499
      0.3898	      0.5740	      0.5979	      1.0000	     -0.1486	      0.0780	      0.1278	      0.5091	     -0.3079	     -0.2471	      0.1670	      0.2263	      0.1359	      0.2854	      0.3695	      0.3985	     -0.3588	     -0.2537	      0.2308	      0.3237	      0.0502	     -0.2711	     -0.2279	     -0.2709	     -0.1113	     -0.3053	     -0.1830	     -0.2206	     -0.2483	     -0.2746	     -0.2838	     -0.4133	     -0.3108	      0.1087	      0.1939	     -0.1971	     -0.1209	     -0.0230	     -0.2402	     -0.0840	     -0.0802	     -0.2749	     -0.1680	     -0.2934	     -0.2372	     -0.1232	      0.1795	     -0.0686	     -0.1549	     -0.2332	     -0.3696	     -0.2370	     -0.2699	      0.1458	     -0.1198	     -0.0484	     -0.0555	     -0.2351
     -0.2271	     -0.2519	      0.0528	     -0.1486	      1.0000	      0.6226	      0.0069	     -0.0231	      0.3715	      0.3135	     -0.1885	     -0.2935	     -0.3364	     -0.3305	     -0.2487	     -0.2772	      0.3622	      0.3224	      0.1072	      0.0647	     -0.0997	     -0.1403	     -0.0573	     -0.1201	     -0.2337	     -0.0877	     -0.1468	      0.1124	      0.2055	      0.0147	      0.0343	      0.2275	      0.1459	      0.0566	     -0.0042	      0.1960	      0.1309	      0.0883	      0.1154	      0.1762	      0.1221	      0.0496	      0.1554	      0.1236	      0.2799	      0.0428	      0.0585	     -0.2702	     -0.2118	     -0.1373	      0.0356	      0.0253	      0.0843	     -0.0308	     -0.2090	     -0.0020	     -0.0366	      0.2170
     -0.1916	     -0.2534	      0.2603	      0.0780	      0.6226	      1.0000	      0.2391	      0.2262	      0.1971	      0.0859	     -0.1342	     -0.2609	     -0.3566	     -0.2850	     -0.2145	     -0.1899	      0.3470	      0.2324	      0.3727	      0.3067	      0.0830	     -0.0857	     -0.0698	     -0.0730	     -0.3611	     -0.1250	     -0.2658	      0.0934	      0.1143	     -0.0332	     -0.0161	     -0.0241	     -0.0949	      0.2506	      0.0793	      0.2481	      0.2118	      0.0833	      0.1604	      0.2872	      0.1785	      0.0156	     -0.0137	      0.1184	      0.2254	      0.3050	      0.2278	     -0.2706	     -0.2867	     -0.1832	     -0.1656	     -0.2098	     -0.1072	      0.1182	     -0.2155	     -0.0235	     -0.2491	      0.0011
      0.1586	      0.1464	      0.3394	      0.1278	      0.0069	      0.2391	      1.0000	      0.4873	     -0.0945	      0.1285	      0.1763	      0.2790	      0.1399	      0.0987	      0.1143	      0.2189	      0.1579	      0.2681	      0.2385	      0.1386	     -0.0145	      0.1396	     -0.0105	     -0.1966	     -0.0272	      0.1623	      0.2557	     -0.2760	     -0.2207	     -0.2550	     -0.3445	     -0.3621	     -0.3708	     -0.0979	      0.0245	      0.0894	      0.1032	     -0.0450	      0.0515	     -0.1491	     -0.1469	      0.0397	      0.2193	      0.0348	      0.0108	      0.1191	     -0.0544	      0.1269	      0.2232	     -0.1014	     -0.1423	     -0.1839	     -0.1597	     -0.0413	      0.1509	     -0.2499	     -0.3216	     -0.2206
      0.1333	      0.1893	      0.3197	      0.5091	     -0.0231	      0.2262	      0.4873	      1.0000	     -0.0869	     -0.0575	      0.2126	      0.2124	      0.1091	      0.2403	      0.1338	      0.2221	     -0.0246	      0.1883	      0.4626	      0.4386	      0.0529	     -0.0568	     -0.1881	     -0.1547	     -0.2097	     -0.1253	     -0.0572	     -0.0174	     -0.1105	     -0.1217	     -0.2471	     -0.4356	     -0.3889	      0.1082	      0.1888	      0.0387	      0.0506	      0.0729	      0.0080	      0.0711	      0.0413	      0.0152	      0.1222	      0.0318	     -0.0777	      0.1071	      0.2416	      0.0465	      0.0493	     -0.1279	     -0.3082	     -0.1373	     -0.2469	      0.0411	      0.0212	     -0.0958	     -0.2643	     -0.2216
     -0.3311	     -0.4752	     -0.2221	     -0.3079	      0.3715	      0.1971	     -0.0945	     -0.0869	      1.0000	      0.6637	     -0.0763	     -0.0896	     -0.1476	     -0.2282	     -0.0812	     -0.2877	      0.5409	      0.4954	      0.2173	      0.1851	     -0.1103	      0.1970	      0.0432	      0.2590	     -0.0948	      0.3005	      0.0118	      0.3485	      0.3051	      0.3670	      0.3567	      0.2928	      0.2184	     -0.1205	     -0.0666	      0.2362	      0.2209	     -0.0460	      0.0818	      0.0805	      0.0556	      0.5092	      0.4945	      0.7520	      0.6036	      0.1973	      0.0784	     -0.0694	     -0.0024	      0.1459	      0.2409	      0.2569	      0.0869	     -0.0674	     -0.0602	      0.1632	      0.0768	      0.1850
     -0.2974	     -0.2995	     -0.1843	     -0.2471	      0.3135	      0.0859	      0.1285	     -0.0575	      0.6637	      1.0000	      0.0130	      0.0412	     -0.1359	     -0.2950	     -0.0355	     -0.1401	      0.3824	      0.4959	      0.0854	      0.0578	     -0.1790	      0.1765	      0.1066	      0.0531	      0.0426	      0.3680	      0.2098	     -0.0106	      0.0604	      0.1288	      0.0626	      0.0531	     -0.0223	     -0.2923	     -0.1650	      0.0178	      0.1164	     -0.1716	     -0.0340	     -0.2752	     -0.1986	      0.2456	      0.4362	      0.5151	      0.6918	     -0.0592	      0.0630	      0.0165	      0.1354	      0.1914	      0.2526	      0.1555	      0.0101	     -0.1137	      0.1069	      0.0109	      0.0497	      0.0678
      0.1438	      0.1550	      0.0629	      0.1670	     -0.1885	     -0.1342	      0.1763	      0.2126	     -0.0763	      0.0130	      1.0000	      0.3946	      0.2361	      0.2195	      0.2670	      0.1629	      0.1066	      0.1830	      0.1854	      0.1279	     -0.0420	      0.1909	      0.2102	     -0.0619	      0.2033	      0.0873	      0.2316	     -0.2047	     -0.2720	     -0.0612	     -0.1302	     -0.2527	     -0.2462	      0.0526	      0.1275	     -0.0946	     -0.0169	      0.1071	     -0.0180	     -0.1866	     -0.1672	      0.1216	      0.1267	      0.0547	      0.0224	     -0.0193	     -0.0691	      0.0412	      0.0294	      0.0073	     -0.0805	     -0.1403	     -0.2680	     -0.0285	      0.1734	     -0.0044	     -0.0679	     -0.2220
      0.2222	      0.2357	      0.1419	      0.2263	     -0.2935	     -0.2609	      0.2790	      0.2124	     -0.0896	      0.0412	      0.3946	      1.0000	      0.3931	      0.4209	      0.3514	      0.4382	     -0.0196	      0.0340	     -0.0340	     -0.0357	     -0.0857	      0.4319	      0.2829	      0.0847	      0.5589	      0.3101	      0.6207	     -0.0813	     -0.0809	      0.0400	     -0.0203	     -0.1198	     -0.1678	     -0.1898	      0.0903	     -0.1565	     -0.1048	      0.0544	     -0.1351	     -0.3202	     -0.3263	     -0.0576	      0.1213	      0.0060	     -0.0350	     -0.0470	     -0.0473	      0.2510	      0.3974	      0.2156	      0.1988	      0.1950	      0.0993	     -0.1964	      0.3587	     -0.1417	      0.0896	     -0.0229
      0.5209	      0.3257	      0.0472	      0.1359	     -0.3364	     -0.3566	      0.1399	      0.1091	     -0.1476	     -0.1359	      0.2361	      0.3931	      1.0000	      0.7810	      0.5252	      0.3571	     -0.1818	     -0.1211	     -0.0257	     -0.1225	      0.1334	      0.1834	      0.1119	      0.0120	      0.2789	      0.1044	      0.2020	     -0.2088	     -0.1849	      0.0183	     -0.0786	     -0.1264	     -0.1502	     -0.1092	     -0.0306	     -0.2909	     -0.2415	     -0.0097	     -0.3083	     -0.2372	     -0.2288	     -0.0643	     -0.0546	      0.0351	     -0.0467	      0.1994	      0.0120	      0.1442	      0.1227	      0.0902	     -0.0322	     -0.0552	     -0.1596	     -0.0796	      0.0356	     -0.2562	     -0.0939	     -0.2343
      0.5538	      0.4101	      0.1974	      0.2854	     -0.3305	     -0.2850	      0.0987	      0.2403	     -0.2282	     -0.2950	      0.2195	      0.4209	      0.7810	      1.0000	      0.4412	      0.5058	     -0.1842	     -0.1437	      0.1364	      0.1148	      0.2264	      0.1628	      0.1204	      0.0045	      0.1873	      0.0382	      0.1194	     -0.1485	     -0.1711	      0.0316	     -0.0903	     -0.2255	     -0.1872	     -0.0157	      0.0971	     -0.2546	     -0.1701	     -0.0067	     -0.2777	     -0.1280	     -0.1496	     -0.1185	     -0.0892	     -0.0283	     -0.0947	      0.1939	      0.1421	      0.0499	      0.0164	      0.0301	     -0.0833	     -0.0718	     -0.1722	     -0.0306	     -0.0238	     -0.2054	     -0.0787	     -0.2483
      0.5279	      0.4105	      0.2695	      0.3695	     -0.2487	     -0.2145	      0.1143	      0.1338	     -0.0812	     -0.0355	      0.2670	      0.3514	      0.5252	      0.4412	      1.0000	      0.6570	     -0.2883	     -0.2724	     -0.1198	     -0.1526	     -0.0960	      0.0040	     -0.1525	     -0.0762	      0.0085	      0.0204	      0.0356	     -0.1612	     -0.1845	      0.0238	     -0.0114	     -0.0132	     -0.0197	     -0.1615	     -0.0723	     -0.4112	     -0.3574	     -0.2846	     -0.4689	     -0.4107	     -0.4087	     -0.1219	     -0.1069	      0.0589	      0.0319	      0.1788	     -0.0287	     -0.0618	     -0.0882	      0.0291	     -0.0765	      0.0291	     -0.0244	     -0.1219	     -0.1970	     -0.0283	      0.2372	      0.0089
      0.4433	      0.5806	      0.3956	      0.3985	     -0.2772	     -0.1899	      0.2189	      0.2221	     -0.2877	     -0.1401	      0.1629	      0.4382	      0.3571	      0.5058	      0.6570	      1.0000	     -0.2361	     -0.1799	     -0.0378	      0.0047	     -0.0555	      0.0047	     -0.0369	     -0.1319	      0.0774	      0.0100	      0.1601	     -0.2417	     -0.2333	     -0.1309	     -0.1290	     -0.1322	     -0.0970	     -0.0882	      0.0248	     -0.2342	     -0.1852	     -0.2039	     -0.2852	     -0.2695	     -0.2664	     -0.1369	     -0.0801	     -0.1641	     -0.1144	     -0.0819	     -0.0866	      0.0096	     -0.0105	     -0.0349	     -0.0710	     -0.0404	     -0.0366	     -0.0791	     -0.0024	     -0.1129	      0.1009	     -0.0658
     -0.3155	     -0.4560	     -0.1466	     -0.3588	      0.3622	      0.3470	      0.1579	     -0.0246	      0.5409	      0.3824	      0.1066	     -0.0196	     -0.1818	     -0.1842	     -0.2883	     -0.2361	      1.0000	      0.6878	      0.3037	      0.1914	     -0.0186	      0.4233	      0.4407	      0.2261	      0.1034	      0.3156	      0.2135	      0.1436	      0.1336	      0.2473	      0.2439	      0.1317	      0.0017	      0.0992	      0.0079	      0.4161	      0.4427	      0.2386	      0.3579	      0.2292	      0.1904	      0.4074	      0.2540	      0.5049	      0.4606	      0.1662	      0.0380	      0.0107	      0.0775	      0.0953	      0.2223	      0.0842	      0.0487	     -0.0174	      0.1196	     -0.0327	     -0.1812	      0.0468
     -0.2765	     -0.3319	     -0.1850	     -0.2537	      0.3224	      0.2324	      0.2681	      0.1883	      0.4954	      0.4959	      0.1830	      0.0340	     -0.1211	     -0.1437	     -0.2724	     -0.1799	      0.6878	      1.0000	      0.3844	      0.2991	     -0.0807	      0.2355	      0.2347	      0.1394	     -0.0098	      0.2602	      0.1994	      0.0139	      0.0113	      0.0396	      0.0039	     -0.0858	     -0.0791	      0.0716	      0.0460	      0.2759	      0.3180	      0.1144	      0.2630	      0.1520	      0.1865	      0.5036	      0.5539	      0.5045	      0.4901	      0.0110	     -0.0081	      0.0834	      0.1443	      0.0426	      0.0633	     -0.0393	     -0.1615	      0.0234	      0.1443	     -0.0380	     -0.2143	     -0.0385
     -0.1959	     -0.2368	      0.1498	      0.2308	      0.1072	      0.3727	      0.2385	      0.4626	      0.2173	      0.0854	      0.1854	     -0.0340	     -0.0257	      0.1364	     -0.1198	     -0.0378	      0.3037	      0.3844	      1.0000	      0.8726	      0.2789	      0.0511	      0.0073	     -0.0304	     -0.3030	     -0.0694	     -0.2466	     -0.0226	     -0.0910	      0.0077	     -0.0958	     -0.3674	     -0.4144	      0.3128	      0.2730	      0.2333	      0.2565	      0.0679	      0.1106	      0.2045	      0.1838	      0.1639	      0.1433	      0.2656	      0.1876	      0.2599	      0.2552	     -0.0777	     -0.2076	     -0.1495	     -0.2958	     -0.3127	     -0.3556	      0.0973	     -0.0949	      0.0638	     -0.3484	     -0.2480
     -0.1662	     -0.1302	      0.1550	      0.3237	      0.0647	      0.3067	      0.1386	      0.4386	      0.1851	      0.0578	      0.1279	     -0.0357	     -0.1225	      0.1148	     -0.1526	      0.0047	      0.1914	      0.2991	      0.8726	      1.0000	      0.2528	     -0.0615	     -0.0663	      0.0019	     -0.2808	     -0.1365	     -0.3142	      0.0188	     -0.0450	     -0.0559	     -0.1331	     -0.4001	     -0.3878	      0.3586	      0.3605	      0.2374	      0.2561	      0.0732	      0.1334	      0.2185	      0.2288	      0.1065	      0.1703	      0.1620	      0.1580	      0.1178	      0.3188	     -0.0133	     -0.1522	     -0.1318	     -0.2586	     -0.3022	     -0.3450	      0.1334	     -0.0901	      0.1184	     -0.2851	     -0.1991
     -0.0205	     -0.0867	      0.0351	      0.0502	     -0.0997	      0.0830	     -0.0145	      0.0529	     -0.1103	     -0.1790	     -0.0420	     -0.0857	      0.1334	      0.2264	     -0.0960	     -0.0555	     -0.0186	     -0.0807	      0.2789	      0.2528	      1.0000	      0.1220	      0.1365	      0.1332	     -0.0662	      0.0153	     -0.1397	      0.0904	      0.0521	      0.1181	      0.0913	     -0.1446	     -0.1964	      0.0923	      0.0087	     -0.0506	     -0.0338	      0.1150	      0.0152	      0.2706	      0.2073	      0.0497	     -0.1451	     -0.0472	     -0.0951	      0.2584	      0.1668	     -0.0498	     -0.1801	     -0.1238	     -0.1729	     -0.1267	     -0.1674	     -0.0163	     -0.0926	     -0.0111	     -0.2128	     -0.2301
     -0.1528	     -0.3289	     -0.1048	     -0.2711	     -0.1403	     -0.0857	      0.1396	     -0.0568	      0.1970	      0.1765	      0.1909	      0.4319	      0.1834	      0.1628	      0.0040	      0.0047	      0.4233	      0.2355	      0.0511	     -0.0615	      0.1220	      1.0000	      0.7236	      0.4539	      0.5146	      0.6943	      0.6199	      0.0186	     -0.0059	      0.2994	      0.2628	      0.1486	     -0.0366	     -0.1113	     -0.0705	     -0.0060	      0.0444	      0.1332	      0.0394	     -0.1294	     -0.1987	      0.1606	      0.0541	      0.3616	      0.2573	      0.2715	     -0.0178	      0.1744	      0.3665	      0.3548	      0.4369	      0.3214	      0.2564	     -0.1998	      0.3458	     -0.0092	     -0.0355	      0.1037
     -0.1081	     -0.2148	     -0.1261	     -0.2279	     -0.0573	     -0.0698	     -0.0105	     -0.1881	      0.0432	      0.1066	      0.2102	      0.2829	      0.1119	      0.1204	     -0.1525	     -0.0369	      0.4407	      0.2347	      0.0073	     -0.0663	      0.1365	      0.7236	      1.0000	      0.2700	      0.5973	      0.5513	      0.6113	     -0.0955	     -0.0294	      0.1725	      0.1507	      0.0724	     -0.0987	      0.0794	      0.0825	      0.0771	      0.2251	      0.2919	      0.1661	     -0.0097	     -0.0365	      0.0833	     -0.0223	      0.0911	      0.2007	      0.0238	     -0.0786	      0.0950	      0.1906	      0.2750	      0.3940	      0.1071	      0.1444	     -0.1300	      0.3457	     -0.0021	     -0.1035	     -0.0204
     -0.2519	     -0.3478	     -0.2019	     -0.2709	     -0.1201	     -0.0730	     -0.1966	     -0.1547	      0.2590	      0.0531	     -0.0619	      0.0847	      0.0120	      0.0045	     -0.0762	     -0.1319	      0.2261	      0.1394	     -0.0304	      0.0019	      0.1332	      0.4539	      0.2700	      1.0000	      0.2638	      0.3624	      0.1260	      0.2765	      0.1988	      0.3134	      0.3158	      0.1557	      0.1156	     -0.0035	     -0.1535	     -0.0321	     -0.0148	      0.0349	      0.1267	      0.1296	      0.0780	      0.1729	     -0.0541	      0.3295	      0.1579	      0.2304	      0.0065	      0.1041	      0.2175	      0.2977	      0.3225	      0.3638	      0.2986	      0.0642	      0.0253	      0.2009	      0.1407	      0.2832
      0.0393	      0.0635	     -0.1846	     -0.1113	     -0.2337	     -0.3611	     -0.0272	     -0.2097	     -0.0948	      0.0426	      0.2033	      0.5589	      0.2789	      0.1873	      0.0085	      0.0774	      0.1034	     -0.0098	     -0.3030	     -0.2808	     -0.0662	      0.5146	      0.5973	      0.2638	      1.0000	      0.4351	      0.6972	     -0.1294	     -0.0464	      0.1068	      0.1020	      0.1188	      0.0222	     -0.1498	     -0.0583	     -0.1096	     -0.0552	      0.1751	      0.0259	     -0.2300	     -0.2571	     -0.0500	     -0.0059	     -0.0907	     -0.0126	     -0.1934	     -0.1809	      0.3013	      0.4806	      0.4210	      0.5295	      0.2763	      0.2150	     -0.1458	      0.4968	     -0.1005	      0.0916	      0.0924
     -0.1363	     -0.2888	     -0.1381	     -0.3053	     -0.0877	     -0.1250	      0.1623	     -0.1253	      0.3005	      0.3680	      0.0873	      0.3101	      0.1044	      0.0382	      0.0204	      0.0100	      0.3156	      0.2602	     -0.0694	     -0.1365	      0.0153	      0.6943	      0.5513	      0.3624	      0.4351	      1.0000	      0.6591	     -0.1126	     -0.0940	      0.1767	      0.0793	      0.1221	     -0.0230	     -0.2466	     -0.1532	     -0.0176	      0.0775	     -0.0651	     -0.0471	     -0.2518	     -0.2820	      0.1419	      0.1418	      0.4306	      0.3800	      0.1794	     -0.0394	     -0.0071	      0.2096	      0.2086	      0.3814	      0.2213	      0.1306	     -0.2666	      0.1822	     -0.0553	     -0.1075	      0.0095
      0.0163	      0.0004	     -0.0874	     -0.1830	     -0.1468	     -0.2658	      0.2557	     -0.0572	      0.0118	      0.2098	      0.2316	      0.6207	      0.2020	      0.1194	      0.0356	      0.1601	      0.2135	      0.1994	     -0.2466	     -0.3142	     -0.1397	      0.6199	      0.6113	      0.1260	      0.6972	      0.6591	      1.0000	     -0.2079	     -0.1314	      0.0340	     -0.0260	      0.0735	     -0.0579	     -0.2195	     -0.0166	     -0.0033	      0.0679	      0.1141	      0.0008	     -0.2975	     -0.3021	     -0.0140	      0.1463	      0.0737	      0.1125	     -0.1219	     -0.2419	      0.1795	      0.3668	      0.2774	      0.4011	      0.2352	      0.2071	     -0.3260	      0.3987	     -0.1512	     -0.0072	     -0.0147
     -0.2246	     -0.2875	     -0.1961	     -0.2206	      0.1124	      0.0934	     -0.2760	     -0.0174	      0.3485	     -0.0106	     -0.2047	     -0.0813	     -0.2088	     -0.1485	     -0.1612	     -0.2417	      0.1436	      0.0139	     -0.0226	      0.0188	      0.0904	      0.0186	     -0.0955	      0.2765	     -0.1294	     -0.1126	     -0.2079	      1.0000	      0.8857	      0.6970	      0.6945	      0.3776	      0.3713	      0.0032	     -0.0343	      0.1373	      0.0852	      0.1356	      0.1715	      0.3603	      0.3151	      0.2091	      0.1098	      0.1645	     -0.0000	      0.0911	      0.0123	      0.0492	      0.0474	      0.0726	      0.1359	      0.4370	      0.3038	      0.0297	     -0.0298	      0.1290	      0.1992	      0.3288
     -0.2247	     -0.2510	     -0.1939	     -0.2483	      0.2055	      0.1143	     -0.2207	     -0.1105	      0.3051	      0.0604	     -0.2720	     -0.0809	     -0.1849	     -0.1711	     -0.1845	     -0.2333	      0.1336	      0.0113	     -0.0910	     -0.0450	      0.0521	     -0.0059	     -0.0294	      0.1988	     -0.0464	     -0.0940	     -0.1314	      0.8857	      1.0000	      0.6198	      0.6815	      0.3696	      0.3780	     -0.0469	     -0.0907	      0.1019	      0.0467	      0.1677	      0.1240	      0.3099	      0.2921	      0.1665	      0.1824	      0.0625	      0.0132	     -0.0154	     -0.0195	      0.0891	      0.0898	      0.1216	      0.2244	      0.4112	      0.3199	     -0.0432	      0.0353	      0.0645	      0.2112	      0.3219
     -0.1990	     -0.3152	     -0.2730	     -0.2746	      0.0147	     -0.0332	     -0.2550	     -0.1217	      0.3670	      0.1288	     -0.0612	      0.0400	      0.0183	      0.0316	      0.0238	     -0.1309	      0.2473	      0.0396	      0.0077	     -0.0559	      0.1181	      0.2994	      0.1725	      0.3134	      0.1068	      0.1767	      0.0340	      0.6970	      0.6198	      1.0000	      0.8149	      0.3913	      0.2471	     -0.1497	     -0.2116	     -0.0626	     -0.0224	     -0.0237	     -0.0618	      0.0115	     -0.0372	      0.1594	     -0.0092	      0.3755	      0.2912	      0.2761	      0.1109	      0.0314	      0.0710	      0.2331	      0.3041	      0.4587	      0.2005	     -0.1370	      0.0576	      0.0916	      0.1580	      0.1571
     -0.2390	     -0.2840	     -0.2360	     -0.2838	      0.0343	     -0.0161	     -0.3445	     -0.2471	      0.3567	      0.0626	     -0.1302	     -0.0203	     -0.0786	     -0.0903	     -0.0114	     -0.1290	      0.2439	      0.0039	     -0.0958	     -0.1331	      0.0913	      0.2628	      0.1507	      0.3158	      0.1020	      0.0793	     -0.0260	      0.6945	      0.6815	      0.8149	      1.0000	      0.5457	      0.4571	     -0.1748	     -0.2256	     -0.0403	     -0.0442	      0.0020	     -0.0183	      0.0785	      0.0381	      0.2677	      0.0347	      0.2603	      0.1862	      0.1231	     -0.0168	      0.0105	      0.0758	      0.1990	      0.3376	      0.4450	      0.3079	     -0.1703	      0.1100	      0.0640	      0.2010	      0.2104
     -0.2004	     -0.2709	     -0.2521	     -0.4133	      0.2275	     -0.0241	     -0.3621	     -0.4356	      0.2928	      0.0531	     -0.2527	     -0.1198	     -0.1264	     -0.2255	     -0.0132	     -0.1322	      0.1317	     -0.0858	     -0.3674	     -0.4001	     -0.1446	      0.1486	      0.0724	      0.1557	      0.1188	      0.1221	      0.0735	      0.3776	      0.3696	      0.3913	      0.5457	      1.0000	      0.7514	     -0.1857	     -0.2557	      0.0245	     -0.0577	     -0.0356	      0.0122	      0.0008	     -0.0494	      0.1114	     -0.0609	      0.1948	      0.1054	      0.0741	     -0.1559	     -0.1074	     -0.0011	      0.1164	      0.4030	      0.4402	      0.4468	     -0.1389	     -0.0884	      0.0213	      0.2786	      0.3330
     -0.0744	     -0.0475	     -0.1749	     -0.3108	      0.1459	     -0.0949	     -0.3708	     -0.3889	      0.2184	     -0.0223	     -0.2462	     -0.1678	     -0.1502	     -0.1872	     -0.0197	     -0.0970	      0.0017	     -0.0791	     -0.4144	     -0.3878	     -0.1964	     -0.0366	     -0.0987	      0.1156	      0.0222	     -0.0230	     -0.0579	      0.3713	      0.3780	      0.2471	      0.4571	      0.7514	      1.0000	     -0.1129	     -0.1587	      0.0271	     -0.0411	      0.0233	      0.0549	      0.1141	      0.0736	      0.1437	     -0.0002	      0.0404	     -0.0464	     -0.1244	     -0.2527	     -0.1224	     -0.0485	     -0.0142	      0.2367	      0.3319	      0.3293	     -0.1123	     -0.1520	     -0.0089	      0.2841	      0.2758
     -0.0316	     -0.0740	      0.0093	      0.1087	      0.0566	      0.2506	     -0.0979	      0.1082	     -0.1205	     -0.2923	      0.0526	     -0.1898	     -0.1092	     -0.0157	     -0.1615	     -0.0882	      0.0992	      0.0716	      0.3128	      0.3586	      0.0923	     -0.1113	      0.0794	     -0.0035	     -0.1498	     -0.2466	     -0.2195	      0.0032	     -0.0469	     -0.1497	     -0.1748	     -0.1857	     -0.1129	      1.0000	      0.6641	      0.4381	      0.4017	      0.3678	      0.3594	      0.5310	      0.4495	     -0.0764	     -0.1744	     -0.1844	     -0.0714	      0.0337	      0.0492	     -0.0151	     -0.2269	     -0.0062	     -0.1584	     -0.2377	     -0.1120	      0.2179	     -0.0712	      0.3022	     -0.0557	      0.0510
      0.0441	      0.0676	      0.0551	      0.1939	     -0.0042	      0.0793	      0.0245	      0.1888	     -0.0666	     -0.1650	      0.1275	      0.0903	     -0.0306	      0.0971	     -0.0723	      0.0248	      0.0079	      0.0460	      0.2730	      0.3605	      0.0087	     -0.0705	      0.0825	     -0.1535	     -0.0583	     -0.1532	     -0.0166	     -0.0343	     -0.0907	     -0.2116	     -0.2256	     -0.2557	     -0.1587	      0.6641	      1.0000	      0.4655	      0.5088	      0.2818	      0.2589	      0.3327	      0.3144	     -0.0714	      0.0223	     -0.1769	     -0.1258	     -0.1267	     -0.0028	     -0.0336	     -0.1253	     -0.1549	     -0.1934	     -0.2301	     -0.1214	      0.0754	     -0.0349	      0.1283	     -0.0627	      0.0239
     -0.2502	     -0.2229	     -0.1461	     -0.1971	      0.1960	      0.2481	      0.0894	      0.0387	      0.2362	      0.0178	     -0.0946	     -0.1565	     -0.2909	     -0.2546	     -0.4112	     -0.2342	      0.4161	      0.2759	      0.2333	      0.2374	     -0.0506	     -0.0060	      0.0771	     -0.0321	     -0.1096	     -0.0176	     -0.0033	      0.1373	      0.1019	     -0.0626	     -0.0403	      0.0245	      0.0271	      0.4381	      0.4655	      1.0000	      0.8321	      0.4451	      0.5852	      0.4927	      0.4484	      0.2258	      0.2077	      0.0568	     -0.0097	     -0.0717	     -0.1646	     -0.0039	     -0.0287	     -0.0565	     -0.0156	     -0.0256	      0.0732	      0.0337	      0.0472	      0.1354	     -0.0629	      0.1330
     -0.2203	     -0.1967	     -0.1042	     -0.1209	      0.1309	      0.2118	      0.1032	      0.0506	      0.2209	      0.1164	     -0.0169	     -0.1048	     -0.2415	     -0.1701	     -0.3574	     -0.1852	      0.4427	      0.3180	      0.2565	      0.2561	     -0.0338	      0.0444	      0.2251	     -0.0148	     -0.0552	      0.0775	      0.0679	      0.0852	      0.0467	     -0.0224	     -0.0442	     -0.0577	     -0.0411	      0.4017	      0.5088	      0.8321	      1.0000	      0.3229	      0.5456	      0.4358	      0.4158	      0.1361	      0.1612	      0.0637	      0.0826	     -0.0849	     -0.0888	     -0.0981	     -0.1167	     -0.1035	     -0.0474	     -0.0787	     -0.0250	      0.0579	     -0.0093	      0.0754	     -0.1326	      0.0390
     -0.0842	     -0.0415	     -0.0747	     -0.0230	      0.0883	      0.0833	     -0.0450	      0.0729	     -0.0460	     -0.1716	      0.1071	      0.0544	     -0.0097	     -0.0067	     -0.2846	     -0.2039	      0.2386	      0.1144	      0.0679	      0.0732	      0.1150	      0.1332	      0.2919	      0.0349	      0.1751	     -0.0651	      0.1141	      0.1356	      0.1677	     -0.0237	      0.0020	     -0.0356	      0.0233	      0.3678	      0.2818	      0.4451	      0.3229	      1.0000	      0.4805	      0.4821	      0.4459	      0.1708	      0.0771	     -0.1742	     -0.1573	     -0.1360	     -0.0761	      0.0671	      0.0585	      0.0425	      0.0499	      0.0596	      0.0335	     -0.0361	      0.1943	      0.0494	     -0.0937	      0.0047
     -0.3303	     -0.2281	     -0.1313	     -0.2402	      0.1154	      0.1604	      0.0515	      0.0080	      0.0818	     -0.0340	     -0.0180	     -0.1351	     -0.3083	     -0.2777	     -0.4689	     -0.2852	      0.3579	      0.2630	      0.1106	      0.1334	      0.0152	      0.0394	      0.1661	      0.1267	      0.0259	     -0.0471	      0.0008	      0.1715	      0.1240	     -0.0618	     -0.0183	      0.0122	      0.0549	      0.3594	      0.2589	      0.5852	      0.5456	      0.4805	      1.0000	      0.5317	      0.5099	      0.2105	      0.1047	     -0.0675	     -0.0940	     -0.1450	     -0.1611	      0.0452	      0.0279	     -0.0123	      0.0360	     -0.0335	      0.0861	      0.1117	      0.1439	      0.0729	     -0.1534	      0.0955
     -0.1493	     -0.1723	     -0.0605	     -0.0840	      0.1762	      0.2872	     -0.1491	      0.0711	      0.0805	     -0.2752	     -0.1866	     -0.3202	     -0.2372	     -0.1280	     -0.4107	     -0.2695	      0.2292	      0.1520	      0.2045	      0.2185	      0.2706	     -0.1294	     -0.0097	      0.1296	     -0.2300	     -0.2518	     -0.2975	      0.3603	      0.3099	      0.0115	      0.0785	      0.0008	      0.1141	      0.5310	      0.3327	      0.4927	      0.4358	      0.4821	      0.5317	      1.0000	      0.9051	      0.2221	      0.0320	     -0.1178	     -0.2161	      0.0031	     -0.0310	     -0.1345	     -0.2634	     -0.1798	     -0.1755	     -0.0209	      0.0497	      0.1391	     -0.1459	      0.1059	     -0.1126	      0.0846
     -0.1440	     -0.1199	     -0.0986	     -0.0802	      0.1221	      0.1785	     -0.1469	      0.0413	      0.0556	     -0.1986	     -0.1672	     -0.3263	     -0.2288	     -0.1496	     -0.4087	     -0.2664	      0.1904	      0.1865	      0.1838	      0.2288	      0.2073	     -0.1987	     -0.0365	      0.0780	     -0.2571	     -0.2820	     -0.3021	      0.3151	      0.2921	     -0.0372	      0.0381	     -0.0494	      0.0736	      0.4495	      0.3144	      0.4484	      0.4158	      0.4459	      0.5099	      0.9051	      1.0000	      0.2110	      0.1035	     -0.1644	     -0.1848	     -0.1301	     -0.0461	     -0.0835	     -0.2336	     -0.2017	     -0.2367	     -0.0626	     -0.0162	      0.1860	     -0.1238	      0.0790	     -0.0949	      0.0844
     -0.2036	     -0.2637	     -0.1611	     -0.2749	      0.0496	      0.0156	      0.0397	      0.0152	      0.5092	      0.2456	      0.1216	     -0.0576	     -0.0643	     -0.1185	     -0.1219	     -0.1369	      0.4074	      0.5036	      0.1639	      0.1065	      0.0497	      0.1606	      0.0833	      0.1729	     -0.0500	      0.1419	     -0.0140	      0.2091	      0.1665	      0.1594	      0.2677	      0.1114	      0.1437	     -0.0764	     -0.0714	      0.2258	      0.1361	      0.1708	      0.2105	      0.2221	      0.2110	      1.0000	      0.5827	      0.4218	      0.1689	      0.0369	     -0.1293	     -0.0132	      0.0532	      0.0627	      0.0398	      0.0560	     -0.1127	      0.0060	      0.1626	      0.1032	     -0.1153	     -0.0287
     -0.1136	     -0.1301	     -0.1474	     -0.1680	      0.1554	     -0.0137	      0.2193	      0.1222	      0.4945	      0.4362	      0.1267	      0.1213	     -0.0546	     -0.0892	     -0.1069	     -0.0801	      0.2540	      0.5539	      0.1433	      0.1703	     -0.1451	      0.0541	     -0.0223	     -0.0541	     -0.0059	      0.1418	      0.1463	      0.1098	      0.1824	     -0.0092	      0.0347	     -0.0609	     -0.0002	     -0.1744	      0.0223	      0.2077	      0.1612	      0.0771	      0.1047	      0.0320	      0.1035	      0.5827	      1.0000	      0.3299	      0.2074	     -0.1602	     -0.1469	      0.0868	      0.1871	      0.0245	      0.0383	      0.0319	     -0.1256	     -0.0792	      0.1877	      0.0349	     -0.1076	     -0.0260
     -0.2478	     -0.4869	     -0.2303	     -0.2934	      0.1236	      0.1184	      0.0348	      0.0318	      0.7520	      0.5151	      0.0547	      0.0060	      0.0351	     -0.0283	      0.0589	     -0.1641	      0.5049	      0.5045	      0.2656	      0.1620	     -0.0472	      0.3616	      0.0911	      0.3295	     -0.0907	      0.4306	      0.0737	      0.1645	      0.0625	      0.3755	      0.2603	      0.1948	      0.0404	     -0.1844	     -0.1769	      0.0568	      0.0637	     -0.1742	     -0.0675	     -0.1178	     -0.1644	      0.4218	      0.3299	      1.0000	      0.7207	      0.4981	      0.2858	      0.0075	      0.0699	      0.2205	      0.2553	      0.2509	      0.0525	     -0.0368	     -0.0688	      0.1508	      0.0478	      0.0621
     -0.2070	     -0.3698	     -0.2102	     -0.2372	      0.2799	      0.2254	      0.0108	     -0.0777	      0.6036	      0.6918	      0.0224	     -0.0350	     -0.0467	     -0.0947	      0.0319	     -0.1144	      0.4606	      0.4901	      0.1876	      0.1580	     -0.0951	      0.2573	      0.2007	      0.1579	     -0.0126	      0.3800	      0.1125	     -0.0000	      0.0132	      0.2912	      0.1862	      0.1054	     -0.0464	     -0.0714	     -0.1258	     -0.0097	      0.0826	     -0.1573	     -0.0940	     -0.2161	     -0.1848	      0.1689	      0.2074	      0.7207	      1.0000	      0.3155	      0.4202	     -0.0325	     -0.0176	      0.2479	      0.2994	      0.0954	     -0.0429	     -0.0436	     -0.0015	      0.1051	      0.0170	      0.0434
      0.0414	     -0.3657	      0.0489	     -0.1232	      0.0428	      0.3050	      0.1191	      0.1071	      0.1973	     -0.0592	     -0.0193	     -0.0470	      0.1994	      0.1939	      0.1788	     -0.0819	      0.1662	      0.0110	      0.2599	      0.1178	      0.2584	      0.2715	      0.0238	      0.2304	     -0.1934	      0.1794	     -0.1219	      0.0911	     -0.0154	      0.2761	      0.1231	      0.0741	     -0.1244	      0.0337	     -0.1267	     -0.0717	     -0.0849	     -0.1360	     -0.1450	      0.0031	     -0.1301	      0.0369	     -0.1602	      0.4981	      0.3155	      1.0000	      0.4438	     -0.0985	     -0.1208	      0.1364	      0.0600	      0.0647	     -0.0237	     -0.0516	     -0.2392	      0.1236	     -0.0744	     -0.0418
      0.0436	     -0.1015	     -0.0032	      0.1795	      0.0585	      0.2278	     -0.0544	      0.2416	      0.0784	      0.0630	     -0.0691	     -0.0473	      0.0120	      0.1421	     -0.0287	     -0.0866	      0.0380	     -0.0081	      0.2552	      0.3188	      0.1668	     -0.0178	     -0.0786	      0.0065	     -0.1809	     -0.0394	     -0.2419	      0.0123	     -0.0195	      0.1109	     -0.0168	     -0.1559	     -0.2527	      0.0492	     -0.0028	     -0.1646	     -0.0888	     -0.0761	     -0.1611	     -0.0310	     -0.0461	     -0.1293	     -0.1469	      0.2858	      0.4202	      0.4438	      1.0000	     -0.0246	     -0.0786	      0.0394	     -0.0291	     -0.0347	     -0.1952	     -0.0197	     -0.0572	      0.0538	     -0.1128	     -0.1417
     -0.0381	      0.0052	     -0.2015	     -0.0686	     -0.2702	     -0.2706	      0.1269	      0.0465	     -0.0694	      0.0165	      0.0412	      0.2510	      0.1442	      0.0499	     -0.0618	      0.0096	      0.0107	      0.0834	     -0.0777	     -0.0133	     -0.0498	      0.1744	      0.0950	      0.1041	      0.3013	     -0.0071	      0.1795	      0.0492	      0.0891	      0.0314	      0.0105	     -0.1074	     -0.1224	     -0.0151	     -0.0336	     -0.0039	     -0.0981	      0.0671	      0.0452	     -0.1345	     -0.0835	     -0.0132	      0.0868	      0.0075	     -0.0325	     -0.0985	     -0.0246	      1.0000	      0.7343	      0.5427	      0.3137	      0.1732	      0.1567	      0.3012	      0.6179	      0.0893	      0.1668	      0.1505
     -0.0683	     -0.0513	     -0.1502	     -0.1549	     -0.2118	     -0.2867	      0.2232	      0.0493	     -0.0024	      0.1354	      0.0294	      0.3974	      0.1227	      0.0164	     -0.0882	     -0.0105	      0.0775	      0.1443	     -0.2076	     -0.1522	     -0.1801	      0.3665	      0.1906	      0.2175	      0.4806	      0.2096	      0.3668	      0.0474	      0.0898	      0.0710	      0.0758	     -0.0011	     -0.0485	     -0.2269	     -0.1253	     -0.0287	     -0.1167	      0.0585	      0.0279	     -0.2634	     -0.2336	      0.0532	      0.1871	      0.0699	     -0.0176	     -0.1208	     -0.0786	      0.7343	      1.0000	      0.5453	      0.5517	      0.3779	      0.2991	      0.1256	      0.6875	      0.0221	      0.1917	      0.1919
     -0.0957	     -0.2111	     -0.2602	     -0.2332	     -0.1373	     -0.1832	     -0.1014	     -0.1279	      0.1459	      0.1914	      0.0073	      0.2156	      0.0902	      0.0301	      0.0291	     -0.0349	      0.0953	      0.0426	     -0.1495	     -0.1318	     -0.1238	      0.3548	      0.2750	      0.2977	      0.4210	      0.2086	      0.2774	      0.0726	      0.1216	      0.2331	      0.1990	      0.1164	     -0.0142	     -0.0062	     -0.1549	     -0.0565	     -0.1035	      0.0425	     -0.0123	     -0.1798	     -0.2017	      0.0627	      0.0245	      0.2205	      0.2479	      0.1364	      0.0394	      0.5427	      0.5453	      1.0000	      0.7402	      0.4990	      0.3925	      0.0663	      0.5354	      0.4620	      0.4219	      0.3021
